1 0.30981656924007256 0.3512549914432402 0.3108244305583552 0.3452652595550485 0.3108244305583552 0.33841985168282945 0.3094134247127595 0.33185966913861953 0.30548276557145737 0.32430119794637763 0.3020560370892965 0.3220193953223046 0.2959080830477726 0.33328579577866513 0.2922797823019552 0.34383913291500284 0.2916750655109857 0.34811751283513975 0.29187663777464223 0.3518254420992584 0.2943962910703487 0.356531660011409 0.2980245918161661 0.3585282373074729 0.30094738963918566 0.35838562464346835 0.30729691594436603 0.35510553337136336 0.30981656924007256 0.3512549914432402
1 0.36645837532755493 0.38690815744438106 0.36746623664583755 0.3834854535082715 0.367264664382181 0.377780946948089 0.36565208627292883 0.3737877923559612 0.359504132231405 0.36508841985168283 0.3572868373311832 0.36309184255561894 0.3530538197943963 0.3639475185396463 0.3504333803668615 0.3662293211637193 0.3491231606530941 0.3695094124358243 0.34932473291675065 0.377780946948089 0.35113888328965936 0.38262977752424415 0.354867970167305 0.3887621220764404 0.35768998185849626 0.390188248716486 0.36182221326345493 0.3903308613804906 0.36514815561378755 0.3890473474044495 0.36645837532755493 0.38690815744438106
1 0.2519653295706511 0.3204506560182544 0.2519653295706511 0.299343981745579 0.2510582543841967 0.29406731317741014 0.24742995363837936 0.2966343411294923 0.24319693610159243 0.30233884768967484 0.23845998790566417 0.3090416428978893 0.23503325942350334 0.31588705077010837 0.2346301148961903 0.3224472333143183 0.23543640395081636 0.3250142612664005 0.23896391856480548 0.3277239018824872 0.2434992944970772 0.32815173987450086 0.24843781495666195 0.32658300057045064 0.2519653295706511 0.3204506560182544
1 0.3012497480346704 0.2855105533371363 0.30296311227575085 0.2825156873930405 0.30376940133037694 0.27709640616086706 0.3011489619028422 0.2682544209925841 0.29479943559766175 0.2612664004563605 0.2929852852247531 0.257843696520251 0.2899617012699053 0.2558471192241871 0.28794597863334004 0.2569880205362236 0.2870389034468857 0.25884198516828294 0.2834106027010683 0.27253280091272103 0.2822011691191292 0.2842270393610953 0.2834106027010683 0.28736451796919565 0.2853255392058053 0.289218482601255 0.2908687764563596 0.2902167712492869 0.2954041523886313 0.289218482601255 0.3012497480346704 0.2855105533371363
1 0.34720822414835717 0.26269252709640617 0.34851844386212455 0.2596976611523103 0.3489215883894376 0.25456360524814603 0.3477121548074985 0.24743297204791787 0.3445877847208224 0.2418710781517399 0.3413626285023181 0.23958927552766685 0.3369280387018746 0.23958927552766685 0.33430759927433984 0.24130062749572162 0.3317879459786333 0.24458071876782658 0.3295706510784116 0.2502852253280091 0.32916750655109855 0.2559897318881917 0.3303769401330377 0.2614090131203651 0.33350131021971374 0.2652595550484883 0.33763354162467246 0.265687393040502 0.34559564603910503 0.26383342840844265 0.34720822414835717 0.26269252709640617
1 0.39669421487603307 0.2542783799201369 0.3944769199758113 0.24458071876782658 0.39205805281193307 0.23916143753565317 0.3887321104616005 0.2335995436394752 0.38611167103406574 0.2316029663434113 0.384297520661157 0.23103251568739305 0.3802660753880266 0.23302909298345692 0.37633541624672445 0.23887621220764405 0.37552912719209836 0.24429549343981746 0.3775448498286636 0.24971477467199088 0.3849022374521266 0.2586993725042784 0.3881273936706309 0.26012549914432403 0.3932674863938722 0.2602681118083286 0.39629107034872 0.2585567598402738 0.39669421487603307 0.2542783799201369
1 0.3803668615198549 0.3412721049629207 0.381173150574481 0.333000570450656 0.37935900020157226 0.3224472333143183 0.3775448498286636 0.3170279520821449 0.37260632936907884 0.31061038220193954 0.36877645635960493 0.3100399315459213 0.36484579721830274 0.32387335995436395 0.3624269300544245 0.3387050770108386 0.364946583350131 0.3442669709070165 0.3683733118322919 0.3456930975470622 0.3737149768191897 0.3455504848830576 0.37764563596049183 0.3442669709070165 0.3803668615198549 0.3412721049629207
1 0.47208224148357186 0.294780376497433 0.4722838137472284 0.2887906446092413 0.4714775246926023 0.27880775812892183 0.4696633743196936 0.2708214489446663 0.46754686555130015 0.26811180832857956 0.46452328159645234 0.268967484312607 0.45908083047772624 0.2738163148887621 0.4531344486998589 0.2842270393610953 0.4515218705906067 0.2887906446092413 0.4523281596452328 0.2939247005134056 0.45504938520459587 0.29691956645750145 0.461298125377948 0.3000570450656018 0.46684136262850234 0.3004848830576155 0.47107438016528924 0.29791785510553337 0.47208224148357186 0.294780376497433
1 0.48709937512598267 0.26240730176839705 0.48992138681717395 0.2609811751283514 0.49123160653094133 0.25884198516828294 0.4918363233219109 0.2554192812321734 0.4895182422898609 0.2529948659440958 0.48387421890747834 0.2504278379920137 0.47440032251562186 0.24928693667997717 0.470973594033461 0.2507130633200228 0.4696633743196936 0.25513405590416427 0.4706712356379762 0.26739874500855676 0.4731908889336827 0.26982316029663433 0.47873412618423705 0.27053622361665713 0.48226164079822614 0.268967484312607 0.48709937512598267 0.26240730176839705
1 0.3729086877645636 0.45764403879064464 0.3731102600282201 0.45393610952652597 0.36887724249143317 0.44566457501426127 0.36655916145938316 0.4435253850541928 0.3607135658133441 0.44010268111808326 0.3532553920580528 0.4412435824301198 0.3513404555533159 0.4442384483742156 0.3499294497077202 0.44965772960638906 0.3491231606530941 0.4545065601825442 0.3497278774440637 0.4596406160867085 0.3530538197943963 0.4620650313747861 0.35819391251763755 0.4619224187107815 0.3713968957871397 0.4592127780946948 0.3729086877645636 0.45764403879064464
1 0.3158637371497682 0.5049914432401598 0.3178794597863334 0.4972903593839133 0.31848417657730294 0.4893040501996577 0.3178794597863334 0.4707644038790645 0.31596452328159647 0.46919566457501427 0.3137472283813747 0.46919566457501427 0.30578512396694213 0.4804620650313748 0.30175367869381176 0.49044495151169426 0.3003426728482161 0.4964346833998859 0.30014110058455956 0.5004278379920137 0.30245918161660956 0.5057045065601825 0.3058859100987704 0.5082715345122647 0.3110260028220117 0.5089845978322876 0.3135456561177182 0.5079863091842556 0.3158637371497682 0.5049914432401598
1 0.4011288046764765 0.44452367370222473 0.40253981052207216 0.438248716486024 0.4007256601491635 0.4333998859098688 0.39034468857085264 0.4189960068454079 0.388530538197944 0.416999429549344 0.3863132432977222 0.4172846548773531 0.3841967345293288 0.4199942954934398 0.3825841564200766 0.43282943525385054 0.38298730094738964 0.4402452937820879 0.3843983067929853 0.4459498003422704 0.38671638782503526 0.4495151169423845 0.39266276960290264 0.45165430690245295 0.39860915138077 0.44837421563034796 0.4011288046764765 0.44452367370222473
1 0.44285426325337635 0.4302624073017684 0.44366055230800244 0.42769537934968627 0.44386212457165897 0.42142042213348546 0.4409393267486394 0.41642897889332575 0.4340858697843177 0.41414717626925274 0.43166700262043944 0.414717626925271 0.4289457770610764 0.4177124928693668 0.42632533763354163 0.4237022247575585 0.42572062084257206 0.4285510553337136 0.42652690989719816 0.4345407872219053 0.4284418464019351 0.4392470051340559 0.4312638580931264 0.44209925841414716 0.43539608949808506 0.4419566457501426 0.4378149566619633 0.43938961779806046 0.44285426325337635 0.4302624073017684
1 0.4256198347107438 0.4905875641756988 0.42713162668816773 0.48816314888762125 0.42773634347913725 0.4844552196235026 0.42652690989719816 0.46734169994295494 0.4236041120741786 0.4589275527666857 0.4197742390647047 0.4592127780946948 0.4132231404958678 0.4679121505989732 0.4087885506954243 0.4773245864232744 0.4079822616407982 0.48217341699942956 0.4093932674863939 0.48730747290359383 0.41251763757307 0.49087278950370794 0.4157427937915743 0.49286936679977184 0.4200765974601895 0.4932972047917855 0.42340253981052206 0.4925841414717627 0.4256198347107438 0.4905875641756988
1 0.4372102398709938 0.5472047917855105 0.43821810118927634 0.5443525385054193 0.4386212457165894 0.5375071306332002 0.4378149566619633 0.5326583000570451 0.43600080628905463 0.5283799201369082 0.429953638379359 0.5241015402167712 0.42955049385204597 0.5212492869366799 0.43035678290667206 0.5164004563605248 0.4223946784922395 0.5102681118083285 0.4157427937915743 0.5079863091842556 0.4119129207821004 0.5082715345122647 0.4104011288046765 0.5106959498003423 0.4085869784317678 0.521534512264689 0.4085869784317678 0.528094694808899 0.4095948397500504 0.5315173987450086 0.4117113485184439 0.5342270393610953 0.41755694416448297 0.5353679406731318 0.4236041120741786 0.5490587564175698 0.4329772223342068 0.5503422703936109 0.43590002015722634 0.5496292070735881 0.4372102398709938 0.5472047917855105
1 0.41987502519653297 0.5780091272104962 0.42168917556944163 0.5717341699942955 0.42068131425115907 0.5663148887621221 0.4157427937915743 0.5607529948659441 0.41070348720016125 0.5596120935539076 0.40788147550896997 0.5573302909298345 0.40405160249949607 0.5573302909298345 0.40153194920378954 0.5663148887621221 0.4027413827857287 0.579435253850542 0.40395081636766783 0.5837136337706789 0.40606732513606125 0.5872789503707929 0.40788147550896997 0.5887050770108385 0.4118121346502721 0.588562464346834 0.41735537190082644 0.583000570450656 0.41987502519653297 0.5780091272104962
1 0.3137472283813747 0.596406160867085 0.31445273130417256 0.5942669709070165 0.3140495867768595 0.5914147176269253 0.31193307800846604 0.5881346263548203 0.3079016327353356 0.583000570450656 0.3020560370892965 0.5781517398745009 0.2980245918161661 0.5778665145464917 0.2958072969159444 0.5795778665145465 0.29207821003829876 0.5859954363947518 0.29046563192904656 0.5936965202509983 0.2915742793791574 0.5998288648031945 0.2941947188066922 0.6023958927552767 0.2985285224753074 0.6025385054192812 0.3101189276355574 0.5995436394751854 0.3137472283813747 0.596406160867085
1 0.27917758516428137 0.6324871648602396 0.27998387421890747 0.6270678836280662 0.27675871800040314 0.6165145464917284 0.27464220923200966 0.6135196805476326 0.2706107639588793 0.6112378779235597 0.2667808909494054 0.6061038220193953 0.26506752670832495 0.6090986879634912 0.26345494859907276 0.6173702224757558 0.2638580931263858 0.6322019395322305 0.2666801048175771 0.6421848260125499 0.27091312235436404 0.6427552766685681 0.2765571457367466 0.637906446092413 0.27917758516428137 0.6324871648602396
1 0.3237250554323725 0.6353394181403309 0.3255392058052812 0.6279235596120936 0.3251360612779681 0.6213633770678836 0.32332191090505946 0.6167997718197376 0.32160854666397903 0.6152310325156874 0.31777867365450513 0.6140901312036509 0.3097157831082443 0.6140901312036509 0.30528119330780085 0.616657159155733 0.30376940133037694 0.6196520250998289 0.3035678290667204 0.6225042783799202 0.3049788349123161 0.6270678836280662 0.30417254585769 0.6322019395322305 0.3043741181213465 0.6381916714204221 0.30810320499899213 0.6446092413006275 0.31052207216287037 0.6463205932686823 0.31445273130417256 0.6467484312606959 0.31959282402741385 0.6431831146605819 0.3237250554323725 0.6353394181403309
1 0.2598266478532554 0.6901026811180833 0.2610360814351945 0.6832572732458643 0.26143922596250757 0.6712778094694809 0.2606329369078815 0.6664289788933258 0.2579117113485184 0.6628636622932116 0.25448498286635757 0.6620079863091842 0.24863938722031848 0.666001140901312 0.24309614996976417 0.6758414147176269 0.241483571860512 0.682686822589846 0.24188671638782502 0.6883913291500285 0.24360008062890545 0.6922418710781517 0.2481354565611772 0.694095835710211 0.2587180004031445 0.6922418710781517 0.2598266478532554 0.6901026811180833
1 0.3166700262043943 0.7049343981745579 0.31929046563192903 0.6938106103822019 0.31747631525902037 0.689532230462065 0.3158637371497682 0.6801197946377638 0.3145535174360008 0.6785510553337136 0.30991735537190085 0.6768397033656589 0.3042733319895182 0.6802624073017683 0.3025599677484378 0.6824015972618368 0.30014110058455956 0.6883913291500285 0.30014110058455956 0.6949515116942384 0.3013505341664987 0.7037934968625214 0.3027615400120943 0.7077866514546491 0.30548276557145737 0.7104962920707358 0.3102197137673856 0.7106389047347405 0.3137472283813747 0.7087849401026811 0.3166700262043943 0.7049343981745579
1 0.3334005240878855 0.6843981745579008 0.33440838540616813 0.6764118653736452 0.3372303970973594 0.6661437535653166 0.3357186051199355 0.6634341129492299 0.33209030437411813 0.6631488876212208 0.32563999193710946 0.6671420422133485 0.3199959685547269 0.6722760981175129 0.3166700262043943 0.6781232173416999 0.3160653094134247 0.682686822589846 0.318887321104616 0.6938106103822019 0.321205402136666 0.6953793496862521 0.32614392259625075 0.6963776383342841 0.32997379560572465 0.6938106103822019 0.3334005240878855 0.6843981745579008
1 0.3491231606530941 0.718625213918996 0.35214674460794193 0.7106389047347405 0.35315460592622455 0.7040787221905305 0.35234831687159845 0.6975185396463206 0.3490223745212659 0.6911009697661152 0.34559564603910503 0.6888191671420422 0.3413626285023181 0.688533941814033 0.33521467446079417 0.6932401597261837 0.33279580729691594 0.6986594409583571 0.3317879459786333 0.7057900741585853 0.3334005240878855 0.71406160867085 0.3372303970973594 0.7234740444951512 0.340556339447692 0.7256132344552196 0.3422697036887724 0.725470621791215 0.34559564603910503 0.7236166571591557 0.3491231606530941 0.718625213918996
1 0.35980649062688974 0.7793782087849401 0.36182221326345493 0.7711066742726754 0.36000806289054627 0.7651169423844837 0.35668212054021364 0.7606959498003423 0.3534569643217093 0.7586993725042784 0.34882080225760936 0.7586993725042784 0.34499092924813546 0.7604107244723332 0.34146341463414637 0.7654021677124929 0.3398508365248942 0.7731032515687393 0.34065712557952027 0.7822304620650313 0.3423704898206007 0.7857957786651455 0.3458980044345898 0.7870792926411866 0.3520459584761137 0.7857957786651455 0.35980649062688974 0.7793782087849401
1 0.3795605724652288 0.7939247005134056 0.38077000604716793 0.7882201939532231 0.38077000604716793 0.7750998288648032 0.3795605724652288 0.769965772960639 0.37683934690586574 0.7658300057045065 0.37280790163273536 0.7635482030804336 0.36958274541423103 0.7649743297204792 0.36585365853658536 0.7693953223046206 0.3647450110864745 0.7723901882487165 0.3617214271316267 0.773531089560753 0.3609151380770006 0.7755276668568168 0.3594033460995767 0.772532800912721 0.35920177383592017 0.7659726183685112 0.35466639790364846 0.760125499144324 0.3530538197943963 0.7592698231602967 0.34882080225760936 0.7592698231602967 0.3459987905664181 0.7606959498003423 0.34126184237048984 0.7676839703365659 0.3402539810522072 0.7713918996006845 0.3410602701068333 0.7805191100969766 0.34146341463414637 0.7822304620650313 0.3445877847208224 0.7860810039931546 0.3530538197943963 0.7843696520250998 0.3550695424309615 0.7829435253850542 0.3570852650675267 0.7786651454649173 0.35779076799032455 0.7825156873930404 0.3607135658133441 0.789218482601255 0.36877645635960493 0.7966343411294923 0.3729086877645636 0.7976326297775242 0.37784720822414836 0.7963491158014832 0.3795605724652288 0.7939247005134056
1 0.401330376940133 0.6786936679977182 0.4029429550493852 0.6718482601254991 0.40253981052207216 0.6658585282373075 0.401330376940133 0.660439247005134 0.3976012900624874 0.6543069024529378 0.3925619834710744 0.650028522532801 0.38832896593428745 0.6491728465487735 0.3858093126385809 0.6518824871648602 0.3845998790566418 0.6553051911009697 0.3835920177383592 0.6652880775812893 0.38399516226567226 0.67156303479749 0.3864140294295505 0.6801197946377638 0.3887321104616005 0.6831146605818597 0.3930659141302157 0.6846833998859099 0.3984075791171135 0.6828294352538505 0.401330376940133 0.6786936679977182
1 0.40253981052207216 0.6327723901882487 0.40395081636766783 0.6282087849401027 0.4049586776859504 0.6196520250998289 0.40395081636766783 0.6105248146035368 0.4004233017536787 0.6072447233314319 0.39598871195323526 0.6069594980034227 0.383894376133844 0.6132344552196235 0.38238258415642007 0.6159440958357102 0.38238258415642007 0.6179406731317741 0.3827857286837331 0.6216486023958927 0.3843983067929853 0.6250713063320023 0.3925619834710744 0.6357672561323445 0.39729893166700264 0.6376212207644039 0.40002015722636564 0.636908157444381 0.40253981052207216 0.6327723901882487
1 0.4388228179802459 0.6156588705077011 0.4380165289256198 0.6105248146035368 0.4363031646845394 0.6072447233314319 0.43186857488409597 0.6046776953793497 0.4256198347107438 0.602966343411295 0.4209836726466438 0.6038220193953223 0.4182624470872808 0.6068168853394181 0.4170530135053417 0.6102395892755277 0.41664986897802864 0.6156588705077011 0.4178593025599677 0.6256417569880205 0.4199758113283612 0.6303479749001711 0.42410804273331987 0.631061038220194 0.4380165289256198 0.6213633770678836 0.4388228179802459 0.6156588705077011
1 0.4164482967143721 0.6946662863662293 0.41987502519653297 0.6841129492298916 0.42068131425115907 0.6778379920136908 0.41886716387825035 0.6698516828294353 0.4149365047369482 0.6662863662293211 0.4113082039911308 0.6662863662293211 0.4064704696633743 0.6685681688533942 0.40415238863132436 0.67156303479749 0.40233823825841564 0.6766970907016543 0.40233823825841564 0.6829720479178552 0.4077806893771417 0.6972333143183115 0.41201370691392863 0.6995151169423844 0.4147349324732917 0.6976611523103251 0.4164482967143721 0.6946662863662293
1 0.29026405966539004 0.8438391329150029 0.29187663777464223 0.837564175698802 0.2922797823019552 0.8324301197946378 0.29026405966539004 0.8281517398745009 0.28230195525095747 0.8183114660581859 0.27827050997782704 0.8180262407301768 0.2758516428139488 0.8203080433542499 0.2721225559363032 0.826155162578437 0.2690989719814553 0.8344266970907016 0.2682926829268293 0.8409868796349116 0.26889739971779886 0.848687963491158 0.2710139084861923 0.8522532800912721 0.2753477121548075 0.852966343411295 0.2877444063696835 0.8471192241871078 0.29026405966539004 0.8438391329150029
1 0.4634146341463415 0.7716771249286937 0.4648256399919371 0.7659726183685112 0.46301148961902844 0.7568454078722191 0.4588792582140697 0.7507130633200229 0.45504938520459587 0.7521391899600685 0.44799435597661763 0.760125499144324 0.44406369683531544 0.7659726183685112 0.4418464019350937 0.7713918996006845 0.4483975005039307 0.7772390188248717 0.45101793993146544 0.7783799201369082 0.4551501713364241 0.7782373074729035 0.46170126990526106 0.7746719908727895 0.4634146341463415 0.7716771249286937
1 0.47863334005240876 0.6600114090131204 0.48155613787542834 0.6550199657729606 0.48175771013908486 0.6484597832287508 0.48095142108445876 0.6450370792926412 0.47873412618423705 0.6396177980604678 0.4768191896795001 0.6377638334284085 0.47057044950614796 0.6357672561323445 0.46724450715581534 0.6421848260125499 0.46442249546462405 0.6544495151169424 0.464019350937311 0.660439247005134 0.4655311429147349 0.6637193382772391 0.46805079621044143 0.6647176269252709 0.4707720217698045 0.6642897889332573 0.47863334005240876 0.6600114090131204
1 0.48558758314855877 0.6267826583000571 0.48619229993952834 0.6190815744438106 0.48457972183027614 0.6105248146035368 0.48226164079822614 0.6066742726754136 0.4784317677887523 0.6043924700513406 0.47419875025196534 0.6043924700513406 0.4701673049788349 0.6072447233314319 0.46472485386010887 0.6086708499714775 0.464019350937311 0.6102395892755277 0.46442249546462405 0.6210781517398745 0.4664382181011893 0.6282087849401027 0.470973594033461 0.6349115801483172 0.4739971779883088 0.6366229321163719 0.47873412618423705 0.6373359954363947 0.48337028824833705 0.6324871648602396 0.48558758314855877 0.6267826583000571
1 0.4655311429147349 0.5855675984027382 0.4692602297923806 0.5777239018824871 0.47046966337431967 0.5651739874500855 0.4694618020560371 0.5608956075299487 0.46674057649667405 0.5576155162578437 0.4623059866962306 0.5573302909298345 0.4588792582140697 0.5587564175698803 0.45323523483168715 0.5627495721620079 0.4499092924813546 0.5680262407301768 0.44950614795404154 0.5720193953223046 0.45353759322717196 0.5785795778665146 0.4553517436000806 0.5848545350827153 0.4572666801048176 0.5872789503707929 0.45918161660955453 0.5879920136908158 0.46291070348720015 0.587564175698802 0.4655311429147349 0.5855675984027382
1 0.46532957065107844 0.4671990872789504 0.468655513001411 0.46135196805476325 0.47268695827454144 0.4502281802624073 0.47651683128401534 0.4442384483742156 0.4746018947792784 0.4409583571021107 0.47036887724249143 0.44038790644609244 0.46674057649667405 0.4412435824301198 0.45928240274138277 0.44438106103822017 0.45504938520459587 0.4472333143183115 0.45333602096351544 0.44965772960638906 0.4521265873815763 0.45564746149458074 0.45252973190888934 0.4604962920707359 0.45394073775448496 0.4647746719908728 0.4574682523684741 0.46891043924700515 0.4609957669824632 0.46933827723901883 0.46291070348720015 0.46919566457501427 0.46532957065107844 0.4671990872789504
1 0.48397500503930657 0.377780946948089 0.48316871598468053 0.3717912150598973 0.4721830276154001 0.3582430119794638 0.46835315460592625 0.35681688533941813 0.4649264261237654 0.3573873359954364 0.46321306188268496 0.3600969766115231 0.4628099173553719 0.3635196805476326 0.464019350937311 0.3746434683399886 0.468655513001411 0.3883342840844267 0.4707720217698045 0.39132915002852253 0.4747026809111066 0.39318311466058187 0.48256399919371096 0.3829150028522533 0.48397500503930657 0.377780946948089
1 0.4925418262447087 0.4127210496292071 0.4956661963313848 0.4060182544209926 0.49586776859504134 0.3997432972047918 0.49526305180407176 0.39517969195664576 0.49274339850836524 0.38961779806046776 0.48971981455351743 0.3867655447803765 0.48226164079822614 0.3844837421563035 0.4788349123160653 0.3870507701083856 0.4753073977020762 0.3917569880205362 0.4742995363837936 0.3940387906446092 0.4738963918564805 0.39945807187678267 0.47490425317476315 0.40288077581289217 0.4781294093932675 0.40687393040501996 0.4805482765571457 0.4140045636052481 0.48256399919371096 0.4165715915573303 0.490324531344487 0.41443240159726186 0.4925418262447087 0.4127210496292071
1 0.530538197943963 0.4356816885339418 0.5351743600080628 0.41628636622932114 0.5351743600080628 0.41086708499714775 0.5325539205805281 0.4051625784369652 0.5315460592622455 0.39917284654877355 0.5296311227575086 0.396748431260696 0.5273130417254586 0.39917284654877355 0.525902035879863 0.4043069024529378 0.5228784519250151 0.40915573302909297 0.5168312840153195 0.42655447803764973 0.517436000806289 0.4319737592698232 0.5183430759927434 0.43354249857387334 0.5223745212658738 0.43639475185396465 0.5273130417254586 0.43739304050199657 0.5294295504938521 0.437250427837992 0.530538197943963 0.4356816885339418
1 0.2766579318685749 0.7972047917855105 0.27857286837331185 0.7942099258414147 0.27897601290062485 0.7865088419851682 0.27837129610965533 0.7825156873930404 0.2738359201773836 0.7755276668568168 0.27020761943156624 0.7743867655447804 0.2675871800040314 0.7760981175128352 0.2598266478532554 0.7885054192812322 0.2606329369078815 0.8047632629777525 0.2625478734126184 0.8066172276098118 0.26426123765369885 0.8064746149458072 0.2689981858496271 0.8046206503137479 0.2766579318685749 0.7972047917855105
1 0.5451521870590607 0.7467199087278951 0.5466639790364846 0.7440102681118084 0.5453537593227172 0.7404449515116942 0.5382987300947389 0.7324586423274386 0.5296311227575086 0.7324586423274386 0.5274138278572869 0.7338847689674843 0.5250957468252369 0.7385909868796349 0.5244910300342673 0.7440102681118084 0.5271114694618021 0.7548488305761551 0.5294295504938521 0.7584141471762692 0.5333602096351542 0.7582715345122647 0.5376940133037694 0.7529948659440958 0.5451521870590607 0.7467199087278951
1 0.5257004636162064 0.7967769537934969 0.5295303366256803 0.7810895607529948 0.5301350534166499 0.7708214489446663 0.5292279782301955 0.7681118083285796 0.5255996774843782 0.7678265830005705 0.5199556541019955 0.7701083856246435 0.5138077000604717 0.7779520821448944 0.511187260632937 0.7828009127210497 0.5107841161056239 0.7887906446092413 0.5130014110058456 0.797062179121506 0.5169320701471477 0.8017683970336565 0.5192501511791977 0.8019110096976612 0.5237855271114694 0.8000570450656018 0.5257004636162064 0.7967769537934969
1 0.5299334811529933 0.8136052481460354 0.5299334811529933 0.8047632629777525 0.5280185446482564 0.8000570450656018 0.5253981052207216 0.7977752424415288 0.5215682322112477 0.8006274957216201 0.5175367869381173 0.8009127210496292 0.5139084861922999 0.798060467769538 0.5098770409191695 0.8009127210496292 0.5067526708324934 0.8047632629777525 0.5075589598871195 0.8098973188819167 0.5185446482563999 0.827438676554478 0.5215682322112477 0.8300057045065602 0.5254988913525499 0.8298630918425556 0.5275146139891151 0.8264403879064461 0.5299334811529933 0.8136052481460354
1 0.5710542229389236 0.8190245293782088 0.5708526506752671 0.8098973188819167 0.5686353557750453 0.8033371363377068 0.5653094134247127 0.7989161437535653 0.5608748236242693 0.796063890473474 0.5570449506147954 0.796063890473474 0.5530135053416649 0.7992013690815745 0.5493852045958476 0.7997718197375927 0.5486797016730498 0.8056189389617798 0.5510985688369281 0.8181688533941814 0.5602701068332997 0.829435253850542 0.5648054827655714 0.8295778665145465 0.5678290667204192 0.8270108385624644 0.5710542229389236 0.8190245293782088
1 0.5982664785325539 0.8381346263548203 0.5980649062688974 0.8270108385624644 0.5962507558959887 0.8210211066742726 0.5947389639185648 0.8188819167142042 0.5927232412819996 0.8174557900741586 0.5828462003628301 0.8188819167142042 0.5724652287845192 0.8255847119224187 0.5720620842572062 0.8270108385624644 0.5732715178391453 0.8324301197946378 0.5802257609352953 0.8416999429549344 0.5844587784720823 0.8445521962350256 0.5928240274138279 0.8455504848830576 0.5959483975005039 0.8439817455790074 0.5982664785325539 0.8381346263548203
1 0.48971981455351743 0.5838562464346834 0.49143317879459786 0.5817170564746149 0.49284418464019353 0.5777239018824871 0.49143317879459786 0.5683114660581859 0.4895182422898609 0.5658870507701084 0.4866962305986696 0.5644609241300628 0.48226164079822614 0.5644609241300628 0.4784317677887523 0.5658870507701084 0.4761136867567023 0.5685966913861951 0.47510582543841967 0.5714489446662864 0.4753073977020762 0.577438676554478 0.478330981656924 0.5862806617227609 0.4804474904253175 0.5881346263548203 0.4827655714573675 0.588562464346834 0.4862930860713566 0.5869937250427838 0.48971981455351743 0.5838562464346834
1 0.17879459786333401 0.46420422133485456 0.18040717597258618 0.45935539075869936 0.18101189276355573 0.45308043354249855 0.1806087482362427 0.4490872789503708 0.17909695625881877 0.44637763833428407 0.17667808909494054 0.44438106103822017 0.1726466438218101 0.44381061038220193 0.16901834307599276 0.44609241300627495 0.16609554525297318 0.4502281802624073 0.16468453940737754 0.4567883628066172 0.1652892561983471 0.4604962920707359 0.16851441241685144 0.46563034797490016 0.17315057448095142 0.4690530519110097 0.1762749445676275 0.4677695379349686 0.17879459786333401 0.46420422133485456
1 0.5034267284821609 0.5319452367370222 0.5082644628099173 0.5299486594409584 0.5097762547873412 0.5269537934968626 0.5079621044144326 0.5226754135767256 0.500403144527313 0.513405590416429 0.4979842773634348 0.5114090131203651 0.4941544043539609 0.5105533371363377 0.4923402539810522 0.5119794637763834 0.4896190284216892 0.5166856816885339 0.4882080225760935 0.5212492869366799 0.488006450312437 0.5275242441528808 0.49002217294900224 0.5349401026811181 0.49153396492642615 0.5367940673131774 0.4946583350131022 0.5377923559612093 0.4979842773634348 0.5365088419851682 0.5034267284821609 0.5319452367370222
1 0.530538197943963 0.5477752424415288 0.5323523483168716 0.5440673131774102 0.5327554928441847 0.5406446092413006 0.5325539205805281 0.5323730747290359 0.5315460592622455 0.5275242441528808 0.5279177585164282 0.5161152310325157 0.5260028220116912 0.5145464917284654 0.5241886716387825 0.5154021677124929 0.5180407175972587 0.5255276668568168 0.5142108445877848 0.5329435253850542 0.512799838742189 0.5383628066172276 0.5136061277968151 0.5437820878494011 0.5161257810925217 0.5479178551055334 0.5213666599475912 0.5513405590416429 0.5257004636162064 0.5514831717056474 0.5292279782301955 0.5496292070735881 0.530538197943963 0.5477752424415288
1 0.5077605321507761 0.5805761551625784 0.5089699657327151 0.5771534512264689 0.5093731102600282 0.5714489446662864 0.5083652489417456 0.5663148887621221 0.5058455956460391 0.5613234455219623 0.5022172949002217 0.5581859669138619 0.49818584962709134 0.5581859669138619 0.492642612376537 0.5663148887621221 0.49203789558556743 0.5720193953223046 0.4974803467042935 0.5879920136908158 0.5021165087683934 0.5919851682829436 0.5043338036686152 0.5897033656588705 0.5077605321507761 0.5805761551625784
1 0.5205603708929651 0.6177980604677695 0.5218705906067325 0.615373645179692 0.522072162870389 0.6096691386195094 0.5186454343882282 0.6011123787792356 0.516629711751663 0.5919851682829436 0.5137069139286434 0.5892755276668569 0.5114896190284217 0.5907016543069025 0.5087683934690587 0.5962635482030805 0.5057448095142109 0.6085282373074729 0.5055432372505543 0.6125213918996006 0.5061479540415239 0.6165145464917284 0.5078613182826043 0.618938961779806 0.509675468655513 0.6203650884198517 0.5140092723241282 0.6207929264118653 0.5177383592017738 0.6203650884198517 0.5205603708929651 0.6177980604677695
1 0.5664180608748236 0.6207929264118653 0.5682322112477323 0.6039646320593268 0.5676274944567627 0.6013976041072447 0.5663172747429953 0.6001140901312036 0.5604716790969563 0.5969766115231032 0.5566418060874824 0.5966913861950941 0.5516024994960693 0.5995436394751854 0.5490828462003629 0.6028237307472903 0.5472686958274542 0.6108100399315459 0.549889135254989 0.6213633770678836 0.5532150776053215 0.625499144324016 0.5583551703285627 0.6267826583000571 0.5632936907881475 0.6252139189960069 0.5664180608748236 0.6207929264118653
1 0.5764966740576497 0.5874215630347975 0.5748840959483975 0.5785795778665146 0.572767587180004 0.5747290359383913 0.5687361419068736 0.5721620079863092 0.5651078411610563 0.5727324586423275 0.5591614593831888 0.5777239018824871 0.5569441644829671 0.5825727324586423 0.556137875428341 0.588562464346834 0.5569441644829671 0.5916999429549344 0.5606732513606127 0.5972618368511123 0.5692400725660149 0.6008271534512265 0.5752872404757106 0.5988305761551626 0.5764966740576497 0.5874215630347975
1 0.5805281193307801 0.5703080433542499 0.5819391251763757 0.5611808328579578 0.5817375529127192 0.5551911009697661 0.5805281193307801 0.5509127210496292 0.5794194718806692 0.549343981745579 0.5761943156621648 0.5479178551055334 0.5653094134247127 0.5484883057615516 0.562688973997178 0.5496292070735881 0.560774037492441 0.5529092983456931 0.560774037492441 0.5617512835139761 0.567728280588591 0.5718767826583001 0.5734730901028019 0.5757273245864233 0.5765974601894779 0.5755847119224187 0.5805281193307801 0.5703080433542499
1 0.5568433783511388 0.5165430690245294 0.5602701068332997 0.5131203650884198 0.5627897601290063 0.5086993725042784 0.5633944769199758 0.5061323445521962 0.5627897601290063 0.4995721620079863 0.5605724652287846 0.4941528807758129 0.5568433783511388 0.4897318881916714 0.5530135053416649 0.48802053622361663 0.5493852045958476 0.48887621220764405 0.545656117718202 0.4932972047917855 0.5446482563999193 0.49586423274386765 0.5432372505543237 0.5064175698802054 0.541423100181415 0.5118368511123788 0.5412215279177586 0.5164004563605248 0.543338036686152 0.5191100969766115 0.5462608345091715 0.5198231602966343 0.5530135053416649 0.5191100969766115 0.5568433783511388 0.5165430690245294
1 0.5077605321507761 0.3880490587564176 0.5087683934690587 0.36808328579577865 0.5085668212054021 0.36608670849971475 0.5062487401733522 0.3642327438676555 0.5010078613182826 0.3659440958357102 0.49354968756299133 0.3719338277239019 0.49062688973997176 0.37721049629207076 0.49062688973997176 0.3840559041642898 0.4916347510582544 0.3871933827723902 0.49737956057246524 0.39389617798060467 0.5025196532957065 0.3946092413006275 0.5058455956460391 0.39247005134055907 0.5077605321507761 0.3880490587564176
1 0.5543237250554324 0.3392755276668568 0.5555331586373715 0.33357102110667425 0.5551300141100585 0.3227324586423274 0.5530135053416649 0.3097547062179121 0.5491836323321911 0.3103251568739304 0.5450514009272324 0.315031374786081 0.5412215279177586 0.3233029092983457 0.5388026607538803 0.333000570450656 0.5400120943358194 0.33756417569880204 0.5421286031042128 0.3402738163148888 0.5451521870590607 0.34227039361095263 0.549889135254989 0.34241300627495724 0.552610360814352 0.34141471762692527 0.5543237250554324 0.3392755276668568
1 0.5706510784116106 0.4385339418140331 0.5724652287845192 0.43311466058185966 0.5718605119935497 0.4282658300057045 0.567728280588591 0.42184826012549914 0.5568433783511388 0.41642897889332575 0.5555331586373715 0.4208499714774672 0.556137875428341 0.42769537934968627 0.5547268695827454 0.43282943525385054 0.5549284418464019 0.4385339418140331 0.5582543841967346 0.44381061038220193 0.5629913323926627 0.4448088990302339 0.5665188470066519 0.44381061038220193 0.5706510784116106 0.4385339418140331
1 0.5766982463213062 0.6912435824301197 0.580124974803467 0.682686822589846 0.5807296915944367 0.6781232173416999 0.5787139689578714 0.6664289788933258 0.573170731707317 0.6617227609811751 0.5687361419068736 0.661437535653166 0.5624874017335215 0.666001140901312 0.5597661761741585 0.6709925841414718 0.5581535980649063 0.6766970907016543 0.5579520258012497 0.6829720479178552 0.5589598871195324 0.6881061038220194 0.5643015521064302 0.6939532230462065 0.5690385003023584 0.696092413006275 0.572767587180004 0.6948088990302339 0.5766982463213062 0.6912435824301197
1 0.5962507558959887 0.6701369081574444 0.5962507558959887 0.6627210496292071 0.5946381777867366 0.660439247005134 0.594033460995767 0.6553051911009697 0.5923200967546866 0.6537364517969195 0.5806289054626084 0.6548773531089561 0.5783108244305584 0.6610096976611524 0.5783108244305584 0.6661437535653166 0.5815359806490626 0.6795493439817456 0.5842572062084257 0.6822589845978323 0.5873815762951018 0.6821163719338277 0.5909090909090909 0.679406731317741 0.5962507558959887 0.6701369081574444
1 0.6091513807700061 0.6578722190530519 0.6101592420882886 0.6550199657729606 0.6101592420882886 0.6478893325727325 0.6081435194517234 0.640188248716486 0.606430155210643 0.636908157444381 0.6001814150372908 0.6292070735881347 0.597157831082443 0.6297775242441529 0.5960491836323322 0.6313462635482031 0.594839750050393 0.6396177980604678 0.5952428945777061 0.6541642897889333 0.5979641201370691 0.6605818596691386 0.6047167909695625 0.6618653736451797 0.6078411610562386 0.6605818596691386 0.6091513807700061 0.6578722190530519
1 0.5954444668413627 0.7323160296634341 0.5964523281596452 0.7277524244152881 0.5964523281596452 0.7200513405590416 0.5952428945777061 0.7157729606389047 0.5919169522273735 0.7104962920707358 0.5884902237452126 0.7090701654306902 0.5840556339447692 0.7096406160867085 0.5785123966942148 0.7160581859669138 0.5773029631122758 0.720907016543069 0.5773029631122758 0.7271819737592699 0.5812336222535779 0.7350256702795208 0.5885910098770409 0.7377353108956075 0.5923200967546866 0.7370222475755848 0.5954444668413627 0.7323160296634341
1 0.6337431969361016 0.7160581859669138 0.6337431969361016 0.7032230462065031 0.6324329772223342 0.6990872789503708 0.6275952428945777 0.695094124358243 0.6221527917758516 0.6936679977181974 0.6187260632936908 0.6945236737022248 0.6157024793388429 0.6976611523103251 0.6118726063293691 0.6985168282943526 0.6097560975609756 0.7009412435824302 0.6091513807700061 0.7049343981745579 0.6173150574480951 0.7162007986309185 0.6235637976214473 0.7210496292070736 0.6287038903446885 0.7217626925270965 0.6310219713767385 0.7201939532230462 0.6337431969361016 0.7160581859669138
1 0.6496674057649667 0.7160581859669138 0.6508768393469059 0.7103536794067313 0.6502721225559362 0.6995151169423844 0.6486595444466842 0.6952367370222475 0.6439225962507559 0.6899600684540788 0.6392864341866559 0.6871078151739874 0.635859705704495 0.6876782658300057 0.6329369078814755 0.700656018254421 0.6329369078814755 0.7154877353108956 0.6338439830679299 0.7176269252709641 0.6378754283410603 0.7216200798630918 0.6434186655916146 0.7223331431831147 0.6469461802056037 0.7207644038790645 0.6496674057649667 0.7160581859669138
1 0.6401935093731103 0.7984883057615516 0.6405966539004233 0.7930690245293782 0.6387825035275146 0.7825156873930404 0.6352549889135255 0.7766685681688534 0.6328361217496472 0.7746719908727895 0.6281999596855473 0.773531089560753 0.6255795202580124 0.7743867655447804 0.6229590808304777 0.7766685681688534 0.6198347107438017 0.7825156873930404 0.6194315662164886 0.7882201939532231 0.6202378552711147 0.7936394751853965 0.6214472888530538 0.7964917284654878 0.6241685144124168 0.7994865944095836 0.6355573473090103 0.8056189389617798 0.6383793590002016 0.8036223616657159 0.6401935093731103 0.7984883057615516
1 0.6706309211852449 0.7933542498573873 0.6720419270308405 0.787934968625214 0.6720419270308405 0.7808043354249857 0.6684136262850232 0.7716771249286937 0.6692199153396493 0.7659726183685112 0.6708324934489014 0.7622646891043925 0.6708324934489014 0.7574158585282373 0.6686151985486797 0.7494295493439818 0.6667002620439427 0.7458642327438677 0.6626688167708124 0.7427267541357673 0.6586373714976819 0.7430119794637764 0.6550090707518645 0.746434683399886 0.6536988510380971 0.7491443240159726 0.6532957065107842 0.7551340559041643 0.6557145736746623 0.7659726183685112 0.6511791977423906 0.7681118083285796 0.6498689780286233 0.769965772960639 0.6492642612376537 0.7713918996006845 0.6494658335013103 0.7770964061608671 0.6510784116105623 0.7876497432972048 0.6539004233017537 0.7936394751853965 0.6590405160249949 0.7983456930975471 0.6633743196936102 0.799343981745579 0.6683128401531949 0.7969195664575014 0.6706309211852449 0.7933542498573873
1 0.6569240072566015 0.6721334854535083 0.6573271517839145 0.6655733029092984 0.6559161459383189 0.6587278950370793 0.6545051400927232 0.6553051911009697 0.6513807700060472 0.6520250998288648 0.6469461802056037 0.6517398745008557 0.6419068736141907 0.6531660011409013 0.6399919371094538 0.6553051911009697 0.6385809312638581 0.6598687963491158 0.6385809312638581 0.6667142042213349 0.6395887925821407 0.67156303479749 0.6431163071961298 0.6776953793496863 0.6455351743600081 0.679406731317741 0.6514815561378754 0.6798345693097547 0.6546059262245515 0.6774101540216771 0.6569240072566015 0.6721334854535083
1 0.6555130014110059 0.5372219053051911 0.656722434992945 0.5332287507130633 0.656319290465632 0.5309469480889903 0.6535980649062689 0.5262407301768397 0.6499697641604515 0.5239589275527667 0.6435194517234428 0.5213918996006845 0.6398911509776255 0.522532800912721 0.6367667808909494 0.5283799201369082 0.6371699254182625 0.5383628066172276 0.6402942955049385 0.5442099258414147 0.6429147349324733 0.5459212778094695 0.647450110864745 0.5457786651454649 0.6509776254787342 0.5436394751853965 0.6555130014110059 0.5372219053051911
1 0.618423704898206 0.5158300057045065 0.618826849425519 0.5089845978322876 0.6172142713162668 0.5024244152880776 0.6118726063293691 0.49657729606389045 0.6066317274742995 0.49857387335995434 0.6038097157831083 0.5014261266400456 0.6018947792783713 0.4972903593839133 0.5999798427736344 0.4877353108956075 0.5959483975005039 0.48687963491158015 0.5880870792178996 0.4883057615516258 0.5873815762951018 0.49614945807187677 0.5883894376133844 0.5052766685681689 0.5923200967546866 0.5099828864803194 0.5965531142914735 0.5128351397604107 0.6005845595646039 0.5191100969766115 0.6100584559564604 0.524529378208785 0.6125781092521669 0.5246719908727895 0.6164079822616408 0.521534512264689 0.618423704898206 0.5158300057045065
1 0.6262850231808104 0.4964346833998859 0.6272928844990929 0.4893040501996577 0.6264865954444668 0.4844552196235026 0.6227575085668212 0.47946377638334287 0.6159040516024995 0.47661152310325156 0.6118726063293691 0.4768967484312607 0.6085466639790365 0.4827438676554478 0.60834509171538 0.4887335995436395 0.6101592420882886 0.49557900741585853 0.6163071961298126 0.5025670279520822 0.6202378552711147 0.5038505419281232 0.6233622253577907 0.5017113519680547 0.6262850231808104 0.4964346833998859
1 0.6260834509171538 0.43282943525385054 0.6264865954444668 0.42741015402167715 0.6223543640395082 0.41814033086138047 0.6197339246119734 0.41585852823730746 0.6150977625478734 0.4150028522532801 0.6112678895383995 0.41671420422133487 0.60834509171538 0.42142042213348546 0.6071356581334408 0.42655447803764973 0.6071356581334408 0.43311466058185966 0.6094537391654908 0.43867655447803766 0.6120741785930256 0.44038790644609244 0.6162064099979843 0.4408157444381061 0.6233622253577907 0.4381061038220194 0.6260834509171538 0.43282943525385054
1 0.6518847006651884 0.3715059897318882 0.6530941342471276 0.3675128351397604 0.651683128401532 0.36038220193953224 0.6473493247329167 0.35367940673131776 0.6431163071961298 0.35310895607529946 0.640092723241282 0.35510553337136336 0.6321306188268494 0.3652310325156874 0.6301148961902843 0.3717912150598973 0.6352549889135255 0.3784940102681118 0.6388832896593428 0.3804905875641757 0.6422092320096755 0.38034797490017114 0.6487603305785123 0.3762122076440388 0.6518847006651884 0.3715059897318882
1 0.6706309211852449 0.3024814603536794 0.6718403547671841 0.29991443240159726 0.6726466438218102 0.2939247005134056 0.6708324934489014 0.28964632059326867 0.6695222737351341 0.28864803194523675 0.6590405160249949 0.2840844266970907 0.6550090707518645 0.28465487735310896 0.651683128401532 0.2887906446092413 0.6510784116105623 0.29164289788933256 0.6506752670832493 0.294780376497433 0.6514815561378754 0.3024814603536794 0.6524894174561581 0.30533371363377065 0.6568232211247732 0.31089560752994866 0.6590405160249949 0.3120365088419852 0.6635758919572666 0.3118938961779806 0.6654908284620036 0.31089560752994866 0.6706309211852449 0.3024814603536794
1 0.6696230598669624 0.24543639475185397 0.6706309211852449 0.24030233884768967 0.6702277766579319 0.23402738163148887 0.6682120540213666 0.2277524244152881 0.6650876839346905 0.22304620650313747 0.6630719612981254 0.22133485453508273 0.6586373714976819 0.22019395322304622 0.655210643015521 0.22190530519110097 0.651683128401532 0.22746719908727894 0.6492642612376537 0.23516828294352538 0.6468453940737755 0.23973188819167143 0.6460391050191494 0.24429549343981746 0.6509776254787342 0.2472903593839133 0.6629711751662971 0.24942954934398173 0.6667002620439427 0.24900171135196805 0.6696230598669624 0.24543639475185397
1 0.6889739971779884 0.4177124928693668 0.6871598468050796 0.4031660011409013 0.6854464825639992 0.3993154592127781 0.6822213263454948 0.396748431260696 0.6777867365450514 0.3961779806046777 0.6755694416448297 0.3970336565887051 0.6722434992944971 0.4000285225328009 0.6698246321306188 0.40544780376497436 0.6692199153396493 0.4094409583571021 0.6698246321306188 0.4140045636052481 0.673352146744608 0.42013690815744437 0.6829268292682927 0.4237022247575585 0.6868574884095948 0.42184826012549914 0.6889739971779884 0.4177124928693668
1 0.6792985285224753 0.525812892184826 0.6792985285224753 0.521534512264689 0.6757710139084862 0.5162578436965203 0.6709332795807297 0.5128351397604107 0.6664986897802863 0.5125499144324016 0.6622656722434993 0.5148317170564746 0.6549082846200363 0.5164004563605248 0.6589397298931667 0.5206788362806617 0.6633743196936102 0.5289503707929264 0.669119129207821 0.5367940673131774 0.6707317073170732 0.5382201939532231 0.6750655109856883 0.5383628066172276 0.6774843781495666 0.5349401026811181 0.6792985285224753 0.525812892184826
1 0.7204192703084056 0.5788648031945237 0.7212255593630317 0.5734455219623502 0.720620842572062 0.5663148887621221 0.7180004031445273 0.5608956075299487 0.7150776053215078 0.5579007415858528 0.7122555936303164 0.5570450656018254 0.7062084257206208 0.5579007415858528 0.7038903446885708 0.5608956075299487 0.7026809111066318 0.5654592127780947 0.7032856278976013 0.5745864232743868 0.7044950614795404 0.5782943525385055 0.7072162870389035 0.5810039931545922 0.7100382987300947 0.5858528237307473 0.7121548074984883 0.5857102110667427 0.7181011892763556 0.5821448944666286 0.7204192703084056 0.5788648031945237
1 0.7208224148357186 0.5762977752424415 0.7208224148357186 0.5691671420422133 0.7174964724853861 0.5596120935539076 0.7138681717395686 0.5570450656018254 0.7062084257206208 0.5579007415858528 0.7038903446885708 0.5606103822019395 0.7019754081838339 0.5656018254420992 0.6939125176375731 0.549343981745579 0.6902842168917557 0.5479178551055334 0.686151985486797 0.5503422703936109 0.6853456964321709 0.5566172276098118 0.6863535577504536 0.5683114660581859 0.6879661358597057 0.577438676554478 0.6902842168917557 0.5821448944666286 0.6943156621648862 0.5835710211066742 0.698951824228986 0.5821448944666286 0.7023785527111469 0.5795778665145465 0.7058052811933078 0.5804335424985738 0.7098367264664383 0.5852823730747291 0.7139689578713969 0.5851397604107245 0.7189074783309817 0.5812892184826013 0.7208224148357186 0.5762977752424415
1 0.699657327151784 0.70750142612664 0.7010683329973796 0.6938106103822019 0.6988510380971579 0.6872504278379921 0.6957266680104818 0.6825442099258414 0.6902842168917557 0.6805476326297776 0.6866559161459383 0.6822589845978323 0.6851441241685144 0.6861095265259555 0.6843378351138883 0.6923844837421563 0.6847409796412014 0.6992298916143753 0.6872606329369079 0.7056474614945807 0.6914936504736948 0.7104962920707358 0.6946180205603709 0.7123502567027952 0.69814553517436 0.710781517398745 0.699657327151784 0.70750142612664
1 0.7210239870993751 0.7072162007986309 0.7222334206813142 0.7009412435824302 0.7214271316266881 0.691528807758129 0.7193106228582947 0.6879634911580148 0.7136665994759122 0.6833998859098688 0.7037895585567426 0.6796919566457501 0.7013706913928643 0.6796919566457501 0.6998588994154404 0.6818311466058186 0.699657327151784 0.6855390758699372 0.7018746220520057 0.6955219623502567 0.7086272928844991 0.7090701654306902 0.71437210239871 0.7126354820308043 0.718302761540012 0.7113519680547633 0.7210239870993751 0.7072162007986309
1 0.7304978834912316 0.7249001711351968 0.7306994557548881 0.7214774671990872 0.7287845192501512 0.7147746719908727 0.7255593630316468 0.7119224187107815 0.7219310622858295 0.7104962920707358 0.7134650272122556 0.7116371933827724 0.7100382987300947 0.7090701654306902 0.7079217899617013 0.7103536794067313 0.7217294900221729 0.7324586423274386 0.7264664382181012 0.7326012549914432 0.729086877645636 0.7303194523673702 0.7304978834912316 0.7249001711351968
1 0.7429953638379359 0.7422989161437535 0.7413827857286838 0.732030804335425 0.7397702076194316 0.7271819737592699 0.7374521265873816 0.7239018824871648 0.7312033864140294 0.7253280091272105 0.729086877645636 0.7303194523673702 0.727171941140899 0.7321734169994295 0.7217294900221729 0.7321734169994295 0.7175972586172142 0.7383057615516257 0.7189074783309817 0.7438676554478038 0.7213263454948599 0.744438106103822 0.7291876637774642 0.7495721620079863 0.7379560572465229 0.7508556759840274 0.7417859302559968 0.7488590986879635 0.7429953638379359 0.7422989161437535
1 0.8129409393267486 0.8677980604677695 0.8133440838540617 0.8535367940673132 0.8147550896996574 0.8432686822589845 0.8118322918766377 0.8388476896748431 0.8001411005845596 0.8337136337706789 0.7963112275750857 0.8351397604107245 0.7937915742793792 0.8384198516828294 0.792178996170127 0.8438391329150029 0.7919774239064705 0.8518254420992584 0.7935900020157226 0.8592413006274957 0.7970167304978835 0.8675128351397604 0.8007458173755291 0.872219053051911 0.8052811933078008 0.8737877923559612 0.8108244305583552 0.8719338277239019 0.8129409393267486 0.8677980604677695
1 0.7633541624672445 0.7271819737592699 0.7659746018947793 0.7160581859669138 0.7659746018947793 0.7103536794067313 0.7649667405764967 0.70750142612664 0.7608345091715379 0.7025099828864804 0.7574077806893772 0.7010838562464347 0.7525700463616206 0.7010838562464347 0.7493448901431163 0.7025099828864804 0.7470268091110663 0.7052196235025671 0.7462205200564402 0.712065031374786 0.7516629711751663 0.7326012549914432 0.7529731908889337 0.7338847689674843 0.7573069945575489 0.7340273816314888 0.7596250755895989 0.7327438676554479 0.7633541624672445 0.7271819737592699
1 0.7818988107236444 0.691528807758129 0.7827050997782705 0.6881061038220194 0.7825035275146139 0.6824015972618368 0.7806893771417053 0.673844837421563 0.7790767990324531 0.6704221334854535 0.7765571457367466 0.6671420422133485 0.7719209836726466 0.6665715915573303 0.7699052610360815 0.6677124928693668 0.7651683128401532 0.6741300627495722 0.763958879258214 0.6769823160296634 0.7633541624672445 0.682686822589846 0.7666801048175771 0.685966913861951 0.7725257004636162 0.6945236737022248 0.7766579318685749 0.6952367370222475 0.7803870187462205 0.6939532230462065 0.7818988107236444 0.691528807758129
1 0.7691997581132836 0.6664289788933258 0.7687966135859706 0.6595835710211067 0.7570046361620641 0.6468910439247005 0.7525700463616206 0.6466058185966914 0.7504535375932272 0.6496006845407872 0.7486393872203185 0.6547347404449515 0.7490425317476316 0.660439247005134 0.7512598266478533 0.6678551055333714 0.7529731908889337 0.6702795208214489 0.756198347107438 0.6711351968054763 0.7657730296311227 0.6709925841414718 0.7674863938722032 0.6702795208214489 0.7691997581132836 0.6664289788933258
1 0.8256399919371095 0.7046491728465488 0.8268494255190486 0.6992298916143753 0.826244708728079 0.6935253850541928 0.8236242693005442 0.6838277239018825 0.8199959685547269 0.6755561893896178 0.8158637371497682 0.6754135767256132 0.8099173553719008 0.6901026811180833 0.8091110663172747 0.6938106103822019 0.8095142108445877 0.6992298916143753 0.8134448699858899 0.7047917855105533 0.8203991130820399 0.7077866514546491 0.8233219109050595 0.7070735881346264 0.8256399919371095 0.7046491728465488
1 0.79258214069744 0.597404449515117 0.7941947188066922 0.5939817455790074 0.7941947188066922 0.5882772390188249 0.7915742793791575 0.5800057045065602 0.7900624874017336 0.5775812892184826 0.7848216085466639 0.5744438106103822 0.7803870187462205 0.5747290359383913 0.7775650070550292 0.5770108385624644 0.7746422092320097 0.5822875071306332 0.7740374924410401 0.5897033656588705 0.7750453537593227 0.5942669709070165 0.7781697238459988 0.5998288648031945 0.7807901632735336 0.6023958927552767 0.7851239669421488 0.6036794067313177 0.7878451925015117 0.6026811180832858 0.79258214069744 0.597404449515117
1 0.8105220721628704 0.5936965202509983 0.8111267889538399 0.5859954363947518 0.8103204998992138 0.5805761551625784 0.8083047772626487 0.5754420992584142 0.8043741181213465 0.5707358813462635 0.800342672848216 0.5687393040501997 0.7961096553114292 0.5693097547062179 0.7935900020157226 0.5717341699942955 0.7917758516428139 0.5771534512264689 0.7927837129610965 0.5854249857387336 0.7945978633340053 0.5899885909868796 0.79953638379359 0.5966913861950941 0.8046764765168313 0.5985453508271534 0.8082039911308204 0.5972618368511123 0.8105220721628704 0.5936965202509983
1 0.7575085668212054 0.5600399315459212 0.7554928441846402 0.552624073017684 0.7503527514613989 0.5473474044495151 0.7487401733521467 0.5467769537934969 0.7453134448699859 0.5479178551055334 0.740677282805886 0.5510553337136338 0.7357387623463012 0.5569024529378209 0.734126184237049 0.5606103822019395 0.7362426930054424 0.5653166001140901 0.7402741382785729 0.5681688533941814 0.7491433178794598 0.5715915573302909 0.753477121548075 0.5717341699942955 0.7571054222938923 0.5685966913861951 0.7575085668212054 0.5600399315459212
1 0.7818988107236444 0.5346548773531089 0.7827050997782705 0.5292355961209355 0.782100382987301 0.5218197375926983 0.779782301955251 0.5173987450085568 0.7769602902640597 0.5151169423844837 0.7733319895182423 0.5136908157444381 0.7690989719814554 0.5145464917284654 0.7659746018947793 0.5209640616086708 0.7659746018947793 0.5283799201369082 0.7667808909494054 0.5323730747290359 0.770509977827051 0.5385054192812322 0.777061076395888 0.539218482601255 0.779782301955251 0.5382201939532231 0.7818988107236444 0.5346548773531089
1 0.816569240072566 0.518967484312607 0.8167708123362225 0.5047062179121506 0.811529933481153 0.48730747290359383 0.8080024188671638 0.4831717056474615 0.8034670429348921 0.4910154021677125 0.8000403144527313 0.5015687393040502 0.7994355976617618 0.5112664004563605 0.8008466035073574 0.5158300057045065 0.8039709735940335 0.5196805476326298 0.8073977020761943 0.5222475755847119 0.811933078008466 0.5229606389047348 0.8146543035678291 0.5219623502567028 0.816569240072566 0.518967484312607
1 0.8101189276355574 0.4662007986309184 0.8081032049989921 0.46021106674272677 0.8057851239669421 0.45664575014261266 0.8037694013303769 0.455219623502567 0.79953638379359 0.45464917284654877 0.7961096553114292 0.45636052481460354 0.7927837129610965 0.460781517398745 0.7913727071155009 0.46534512264689104 0.7915742793791575 0.47162007986309185 0.7939931465430357 0.481032515687393 0.7963112275750857 0.48488305761551626 0.8005442451118726 0.4874500855675984 0.8042733319895182 0.48759269823160295 0.8091110663172747 0.4807472903593839 0.8101189276355574 0.4662007986309184
1 0.8117315057448096 0.43596691386195097 0.811933078008466 0.43311466058185966 0.804575690385003 0.4224187107815174 0.7999395283209031 0.41785510553337135 0.7934892158838944 0.414717626925271 0.7888530538197944 0.4161437535653166 0.7859302559967748 0.4217056474614946 0.7861318282604314 0.42741015402167715 0.7877444063696836 0.43168853394181406 0.7922797823019553 0.4369652025099829 0.7957065107841161 0.43839132915002854 0.8008466035073574 0.4385339418140331 0.8108244305583552 0.437250427837992 0.8117315057448096 0.43596691386195097
1 0.7522676879661359 0.4439532230462065 0.7526708324934489 0.4376782658300057 0.7518645434388228 0.43282943525385054 0.7478330981656924 0.42113519680547634 0.7449103003426728 0.41814033086138047 0.7374521265873816 0.4227039361095265 0.7335214674460794 0.42940673131774104 0.7329167506551099 0.43482601254991443 0.733723039709736 0.43910439247005134 0.7374521265873816 0.44381061038220193 0.7412819995968555 0.4466628636622932 0.7476315259020359 0.44737592698231604 0.7499496069340859 0.4466628636622932 0.7522676879661359 0.4439532230462065
1 0.7813948800645031 0.4209925841414718 0.7837129610965531 0.4165715915573303 0.7837129610965531 0.4105818596691386 0.7815964523281597 0.4070165430690245 0.7757508566821205 0.40188248716486025 0.7710139084861923 0.39489446662863664 0.7704091916952227 0.3854820308043354 0.7682926829268293 0.38106103822019394 0.7640596653900423 0.3773531089560753 0.7570046361620641 0.37706788362806615 0.7526708324934489 0.3834854535082715 0.7520661157024794 0.3946092413006275 0.7528724047571054 0.39831717056474614 0.7568030638984076 0.4030233884768967 0.761237653698851 0.4033086138049059 0.7627494456762749 0.40459212778094694 0.7617415843579923 0.40887050770108385 0.7615400120943359 0.4165715915573303 0.7634549485990728 0.4209925841414718 0.7686958274541423 0.4247005134055904 0.772828058859101 0.42512835139760413 0.7769602902640597 0.4244152880775813 0.7813948800645031 0.4209925841414718
1 0.693106228582947 0.6605818596691386 0.6958274541423101 0.6550199657729606 0.695424309614997 0.6493154592127781 0.6936101592420882 0.6438961779806047 0.6908889336827253 0.6397604107244723 0.6862527716186253 0.6366229321163719 0.6820197540818383 0.6366229321163719 0.6793993146543036 0.6383342840844267 0.6764765168312841 0.6441814033086138 0.6758718000403144 0.6484597832287508 0.676879661358597 0.660439247005134 0.6827252570046362 0.6709925841414718 0.6870590606732514 0.6657159155733029 0.693106228582947 0.6605818596691386
1 0.8988107236444265 0.6327723901882487 0.8984075791171134 0.6242156303479749 0.8960894980850634 0.6195094124358242 0.8940737754484983 0.6175128351397604 0.8894376133843983 0.6158014831717057 0.8791574279379157 0.6163719338277239 0.8740173352146745 0.6185111237877924 0.8726063293690788 0.6213633770678836 0.8735134045555332 0.6272104962920707 0.8779479943559766 0.6306332002281803 0.8902439024390244 0.6440387906446092 0.8943761338439831 0.6438961779806047 0.8969965732715178 0.6396177980604678 0.8988107236444265 0.6327723901882487