1 0.17879459786333401 0.46420422133485456 0.18101189276355573 0.45564746149458074 0.1806087482362427 0.4490872789503708 0.17869381173150575 0.4458071876782658 0.176476516831284 0.44409583571021105 0.17244507155815358 0.44381061038220193 0.1696230598669623 0.4455219623502567 0.1662971175166297 0.44965772960638906 0.16448296714372102 0.45507701083856245 0.16589397298931666 0.46163719338277237 0.16982463213061882 0.4671990872789504 0.1729490022172949 0.4690530519110097 0.1762749445676275 0.4677695379349686 0.17879459786333401 0.46420422133485456
1 0.23936706309211853 0.4811751283513976 0.2429953638379359 0.47746719908727897 0.24611973392461198 0.47162007986309185 0.24370086676073371 0.46363377067883627 0.23473090102801855 0.45236737022247575 0.2313041725458577 0.45037079292641186 0.22938923604112074 0.45279520821448943 0.227171941140899 0.46163719338277237 0.2261640798226164 0.4727609811751283 0.22817980245918162 0.4807472903593839 0.229490022172949 0.48288648031945236 0.23261439225962507 0.48388476896748434 0.23573876234630115 0.4834569309754706 0.23936706309211853 0.4811751283513976
1 0.2606329369078815 0.45507701083856245 0.25891957266680105 0.4517969195664575 0.2571054222938924 0.4509412435824301 0.2508566821205402 0.4517969195664575 0.24742995363837936 0.4549343981745579 0.24390243902439024 0.4604962920707359 0.24491030034267286 0.46762692527096406 0.2463213061882685 0.47190530519110097 0.25125982664785323 0.4803194523673702 0.2546865551300141 0.4837421563034798 0.25902035879862934 0.48359954363947516 0.2618423704898206 0.4724757558471192 0.2606329369078815 0.45507701083856245
1 0.25740778068937714 0.530376497432972 0.2592219310622858 0.5152595550484883 0.2580124974803467 0.5092698231602967 0.2562991332392663 0.5074158585282373 0.25428341060270104 0.5071306332002282 0.24501108647450112 0.5116942384483743 0.23977020761943157 0.5173987450085568 0.2376536988510381 0.5218197375926983 0.23725055432372505 0.5275242441528808 0.23926627696029026 0.5329435253850542 0.24319693610159243 0.5376497432972048 0.24833702882483372 0.5389332572732458 0.25226768796613586 0.537934968625214 0.25740778068937714 0.530376497432972
1 0.2706107639588793 0.5533371363377068 0.27393670630921185 0.5492013690815745 0.27554928441846405 0.5454934398174558 0.2763555734730901 0.5397889332572733 0.27554928441846405 0.5332287507130633 0.2722233420681314 0.5273816314888762 0.26718403547671843 0.5250998288648032 0.26355573473090105 0.5256702795208215 0.2595242894577706 0.5285225328009128 0.25740778068937714 0.5326583000570451 0.256198347107438 0.5386480319452367 0.2563999193710945 0.5551911009697661 0.2577101390848619 0.5573302909298345 0.25962507558959885 0.5577581289218483 0.2669824632130619 0.5556189389617798 0.2706107639588793 0.5533371363377068
1 0.29379157427937913 0.5573302909298345 0.2967143721023987 0.5494865944095836 0.28976012900624876 0.5390758699372504 0.28230195525095747 0.5356531660011409 0.27917758516428137 0.5383628066172276 0.2781697238459988 0.5432116371933827 0.27837129610965533 0.5463491158014832 0.28280588591009875 0.5603251568739304 0.28643418665591613 0.5626069594980034 0.29096956258818785 0.5607529948659441 0.29379157427937913 0.5573302909298345
1 0.3049788349123161 0.5454934398174558 0.3080024188671639 0.5389332572732458 0.30961499697641603 0.5329435253850542 0.30981656924007256 0.5263833428408443 0.30880870792178994 0.5218197375926983 0.3058859100987704 0.5188248716486024 0.30084660350735737 0.5182544209925841 0.2941947188066922 0.5193953223046206 0.29036484579721833 0.5228180262407301 0.28885305381979437 0.5269537934968626 0.2892561983471074 0.5363662293211637 0.29107034872001614 0.5417855105533371 0.2960088691796009 0.5496292070735881 0.29913323926627694 0.5503422703936109 0.3020560370892965 0.5496292070735881 0.3049788349123161 0.5454934398174558
1 0.26416045152187057 0.6357672561323445 0.265873815762951 0.6330576155162578 0.2674863938722032 0.6270678836280662 0.2674863938722032 0.6213633770678836 0.265873815762951 0.6159440958357102 0.26506752670832495 0.6053907586993725 0.2629510179399315 0.6021106674272675 0.2602297923805684 0.6039646320593268 0.25740778068937714 0.6122361665715915 0.25055432372505543 0.6216486023958927 0.2493448901431163 0.6262122076440388 0.24994960693408588 0.6327723901882487 0.25206611570247933 0.6366229321163719 0.2546865551300141 0.6386195094124358 0.25902035879862934 0.6384768967484312 0.2629510179399315 0.6371933827723902 0.26416045152187057 0.6357672561323445
1 0.2466236645837533 0.6711351968054763 0.251159040516025 0.6655733029092984 0.2525700463616206 0.6618653736451797 0.2525700463616206 0.6530233884768968 0.2504535375932272 0.6491728465487735 0.24722838137472283 0.6466058185966914 0.24339850836524896 0.6463205932686823 0.24037492441040112 0.6486023958927553 0.23402539810522072 0.662435824301198 0.23321910905059465 0.666999429549344 0.23422697036887724 0.6712778094694809 0.23573876234630115 0.6734169994295494 0.2396694214876033 0.6741300627495722 0.24279379157427938 0.6737022247575585 0.2466236645837533 0.6711351968054763
1 0.26043136464422495 0.6883913291500285 0.26123765369885105 0.682686822589846 0.2610360814351945 0.6678551055333714 0.2587180004031445 0.6637193382772391 0.25508969965732714 0.6617227609811751 0.2516629711751663 0.6634341129492299 0.24501108647450112 0.6722760981175129 0.24370086676073371 0.6741300627495722 0.24208828865148155 0.6798345693097547 0.24188671638782502 0.6883913291500285 0.24309614996976417 0.6918140330861381 0.2458173755291272 0.6939532230462065 0.24894174561580326 0.694095835710211 0.25891957266680105 0.6925270964061608 0.26043136464422495 0.6883913291500285
1 0.2908687764563596 0.6496006845407872 0.29046563192904656 0.644466628636623 0.287542834106027 0.6397604107244723 0.282503527514614 0.6343411294922989 0.2786736545051401 0.6320593268682259 0.2764563596049184 0.6326297775242442 0.2743398508365249 0.6344837421563034 0.2715178391453336 0.6404734740444952 0.2695021165087684 0.649030233884769 0.2695021165087684 0.6544495151169424 0.2714170530135053 0.6583000570450656 0.2742390647046966 0.6605818596691386 0.28260431364644223 0.662435824301198 0.28643418665591613 0.6601540216771249 0.2908687764563596 0.6496006845407872
1 0.3309816569240073 0.572875071306332 0.3323926627696029 0.5663148887621221 0.3323926627696029 0.5608956075299487 0.33682725257004636 0.554905875641757 0.33884297520661155 0.5492013690815745 0.33884297520661155 0.5383628066172276 0.3367264664382181 0.5328009127210497 0.33350131021971374 0.5316600114090131 0.32926829268292684 0.5322304620650313 0.32160854666397903 0.5373645179691957 0.31747631525902037 0.5417855105533371 0.3168715984680508 0.5494865944095836 0.3148558758314856 0.5543354249857387 0.31566216488611165 0.5725898459783229 0.31777867365450513 0.57843696520251 0.32231404958677684 0.5802909298345693 0.3270509977827051 0.5775812892184826 0.3309816569240073 0.572875071306332
1 0.36484579721830274 0.5560467769537935 0.36665994759121145 0.5497718197375927 0.36585365853658536 0.5437820878494011 0.36383793590002017 0.5389332572732458 0.3607135658133441 0.5353679406731318 0.34962709131223546 0.531374786081004 0.34559564603910503 0.5319452367370222 0.3446885708526507 0.5329435253850542 0.3440838540616811 0.5400741585852824 0.3467042934892159 0.5563320022818026 0.3491231606530941 0.5620365088419852 0.3514412416851441 0.5647461494580719 0.3530538197943963 0.5658870507701084 0.35698447893569846 0.5657444381061039 0.36051199354968755 0.5630347974900171 0.36484579721830274 0.5560467769537935
1 0.34146341463414637 0.6615801483171706 0.3446885708526507 0.6550199657729606 0.345192501511792 0.6488876212207644 0.33813747228381374 0.6463205932686823 0.3302761540012094 0.6471762692527097 0.32483370288248337 0.650028522532801 0.32251562185043336 0.6530233884768968 0.3209030437411812 0.6598687963491158 0.3215077605321508 0.666999429549344 0.32312033864140294 0.6724187107815174 0.3252368474097964 0.6754135767256132 0.3265470671235638 0.6755561893896178 0.3296714372102399 0.6751283513976041 0.34146341463414637 0.6615801483171706
1 0.27625478734126185 0.7972047917855105 0.27857286837331185 0.7936394751853965 0.27897601290062485 0.7867940673131774 0.27837129610965533 0.7825156873930404 0.2763555734730901 0.7785225328009128 0.272828058859101 0.7746719908727895 0.27020761943156624 0.7741015402167712 0.26718403547671843 0.7760981175128352 0.2598266478532554 0.787934968625214 0.25962507558959885 0.7950656018254421 0.2606329369078815 0.8041928123217341 0.2625478734126184 0.8063320022818026 0.26426123765369885 0.8061893896177981 0.2683934690586575 0.804905875641757 0.27625478734126185 0.7972047917855105
1 0.29026405966539004 0.844124358243012 0.29187663777464223 0.8378494010268112 0.2922797823019552 0.8324301197946378 0.28965934287442047 0.8272960638904735 0.282503527514614 0.8183114660581859 0.27847208224148357 0.8180262407301768 0.27605321507760533 0.8203080433542499 0.27171941140899014 0.8272960638904735 0.26869582745414233 0.8372789503707929 0.2682926829268293 0.8444095835710211 0.2690989719814553 0.8492584141471763 0.2710139084861923 0.8522532800912721 0.2757508566821205 0.852966343411295 0.28794597863334004 0.8471192241871078 0.29026405966539004 0.844124358243012
1 0.3522475307397702 0.742156303479749 0.3549687562991332 0.7383057615516257 0.35597661761741584 0.7337421563034797 0.3555734730901028 0.7266115231032516 0.3541624672445072 0.7223331431831147 0.3520459584761137 0.7190530519110097 0.3492239467849224 0.7170564746149458 0.345192501511792 0.7170564746149458 0.3413626285023181 0.7199087278950371 0.338641402942955 0.7243297204791785 0.3372303970973594 0.730034227039361 0.33743196936101594 0.7374500855675984 0.3392461197339246 0.74343981745579 0.3415642007659746 0.7458642327438677 0.3460995766982463 0.7471477467199087 0.3492239467849224 0.7461494580718768 0.3522475307397702 0.742156303479749
1 0.374622052005644 0.8014831717056474 0.37915742793791574 0.7942099258414147 0.38097157831082445 0.7890758699372504 0.3805684337835114 0.7833713633770679 0.3789558556742592 0.7793782087849401 0.3772424914331788 0.7766685681688534 0.37280790163273536 0.7729606389047348 0.36877645635960493 0.7738163148887621 0.36595444466841365 0.7766685681688534 0.3632332191090506 0.7825156873930404 0.3624269300544245 0.7873645179691957 0.36202378552711145 0.7939247005134056 0.3630316468453941 0.7976326297775242 0.36716387825035274 0.8029092983456931 0.36948195928240274 0.8036223616657159 0.37280790163273536 0.8031945236737023 0.374622052005644 0.8014831717056474
1 0.400524087885507 0.7705362236166572 0.40233823825841564 0.761123787792356 0.4021366659947591 0.754563605248146 0.40092723241282 0.75 0.39719814553517435 0.7455790074158585 0.3923604112074179 0.7441528807758129 0.3881273936706309 0.7447233314318311 0.3804676476516831 0.7478608100399315 0.3797621447288853 0.7491443240159726 0.3803668615198549 0.754563605248146 0.38399516226567226 0.7688248716486024 0.38832896593428745 0.7752424415288077 0.3932674863938722 0.7770964061608671 0.39719814553517435 0.775812892184826 0.400524087885507 0.7705362236166572
1 0.4021366659947591 0.6938106103822019 0.4043539608949808 0.684968625213919 0.40455553315863735 0.6755561893896178 0.4037492441040113 0.6701369081574444 0.40253981052207216 0.6667142042213349 0.40002015722636564 0.6645750142612664 0.39619028421689173 0.6645750142612664 0.39135254988913526 0.6665715915573303 0.38883289659342873 0.67156303479749 0.38802660753880264 0.676126640045636 0.3884297520661157 0.6829720479178552 0.3924611973392461 0.6943810610382202 0.3947792783712961 0.6976611523103251 0.3970973594033461 0.698374215630348 0.40002015722636564 0.697375926982316 0.4021366659947591 0.6938106103822019
1 0.42773634347913725 0.6764118653736452 0.42874420479741987 0.6721334854535083 0.4289457770610764 0.6638619509412436 0.42773634347913725 0.6567313177410155 0.4244104011288047 0.6548773531089561 0.42269703688772425 0.6484597832287508 0.4197742390647047 0.6463205932686823 0.41755694416448297 0.6486023958927553 0.4119129207821004 0.6511694238448374 0.4089901229590808 0.6550199657729606 0.4075791171134852 0.6590131203650884 0.4065712557952026 0.6678551055333714 0.40717597258617216 0.6727039361095265 0.40989719814553516 0.6779806046776954 0.41513807700060473 0.6828294352538505 0.420278169723846 0.6835424985738734 0.42400725660149163 0.6819737592698232 0.42773634347913725 0.6764118653736452
1 0.4147349324732917 0.7390188248716486 0.4162467244507156 0.7348830576155163 0.4184640193509373 0.7326012549914432 0.41967345293287645 0.727467199087279 0.4119129207821004 0.7167712492869367 0.4090909090909091 0.7153451226468911 0.40687361419068735 0.7159155733029093 0.40395081636766783 0.7197661152310325 0.4011288046764765 0.7266115231032516 0.3999193710945374 0.7326012549914432 0.4001209433581939 0.7380205362236166 0.40163273533561783 0.7407301768397033 0.403648457972183 0.7424415288077582 0.40838540616811125 0.7425841414717627 0.4119129207821004 0.7415858528237308 0.4147349324732917 0.7390188248716486
1 0.42189074783309816 0.8101825442099259 0.4214876033057851 0.8047632629777525 0.42249546462406773 0.8001996577296064 0.42189074783309816 0.7942099258414147 0.4194718806692199 0.7873645179691957 0.41735537190082644 0.7843696520250998 0.4157427937915743 0.7829435253850542 0.4117113485184439 0.7832287507130633 0.40687361419068735 0.7877923559612093 0.4047571054222939 0.7913576725613235 0.4027413827857287 0.7984883057615516 0.4029429550493852 0.8041928123217341 0.4037492441040113 0.8067598402738163 0.4080830477726265 0.8117512835139761 0.4159443660552308 0.8177410154021677 0.41987502519653297 0.8178836280661723 0.42108445877847206 0.8156018254420992 0.42189074783309816 0.8101825442099259
1 0.43821810118927634 0.7268967484312607 0.43983067929852854 0.7157729606389047 0.4372102398709938 0.7069309754706218 0.43469058657528725 0.703936109526526 0.4306591413021568 0.7027952082144895 0.42803870187462206 0.7042213348545351 0.4223946784922395 0.7133485453508271 0.4192703084055634 0.7160581859669138 0.4192703084055634 0.7171990872789503 0.42118524491030035 0.7236166571591557 0.4296512799838742 0.7296063890473474 0.4325740778068938 0.7303194523673702 0.4352953033662568 0.7298916143753565 0.43821810118927634 0.7268967484312607
1 0.45777061076395886 0.7268967484312607 0.45857689981858496 0.7220479178551056 0.4581737552912719 0.7160581859669138 0.4551501713364241 0.7077866514546491 0.45101793993146544 0.7047917855105533 0.4414432574077807 0.7146320593268682 0.43922596250755896 0.7194808899030234 0.43902439024390244 0.7231888191671421 0.44053618222132634 0.7270393610952652 0.4467849223946785 0.7287507130633201 0.4508163676678089 0.7313177410154021 0.45353759322717196 0.7311751283513976 0.45504938520459587 0.731032515687393 0.45777061076395886 0.7268967484312607
1 0.4462809917355372 0.7990587564175698 0.44728885305381977 0.7793782087849401 0.4460794194718807 0.7722475755847119 0.4393267486393872 0.7649743297204792 0.43519451723442854 0.7659726183685112 0.43398508365248945 0.772532800912721 0.4335819391251764 0.7890758699372504 0.43519451723442854 0.797062179121506 0.43690788147550896 0.7994865944095836 0.43983067929852854 0.8007701083856247 0.44335819391251763 0.8006274957216201 0.4462809917355372 0.7990587564175698
1 0.4571658939729893 0.797062179121506 0.46160048377343277 0.783656588705077 0.46160048377343277 0.7762407301768397 0.46059262245515015 0.7719623502567028 0.4581737552912719 0.7662578436965203 0.45504938520459587 0.7635482030804336 0.45101793993146544 0.7641186537364518 0.44880064503124373 0.7658300057045065 0.4470872807901633 0.7731032515687393 0.44668413626285025 0.797062179121506 0.44819592824027416 0.8003422703936109 0.45172344285426325 0.801625784369652 0.4558556742592219 0.7992013690815745 0.4571658939729893 0.797062179121506
1 0.4882080225760935 0.7494295493439818 0.4890143116307196 0.7442954934398175 0.4890143116307196 0.7326012549914432 0.48760330578512395 0.7229035938391329 0.4864946583350131 0.7201939532230462 0.48246321306188267 0.7210496292070736 0.4784317677887523 0.7250427837992014 0.47046966337431967 0.7351682829435254 0.4694618020560371 0.7380205362236166 0.4692602297923806 0.7442954934398175 0.47046966337431967 0.7482886480319453 0.4731908889336827 0.7527096406160867 0.47802862326143924 0.7564175698802054 0.4827655714573675 0.7562749572162007 0.4865954444668414 0.7531374786081004 0.4882080225760935 0.7494295493439818
1 0.545252973190889 0.7856531660011409 0.5462608345091715 0.7825156873930404 0.5466639790364846 0.7765259555048488 0.5444466841362628 0.7662578436965203 0.541423100181415 0.7591272104962921 0.5372908687764564 0.7538505419281232 0.5334609957669825 0.7532800912721049 0.5275146139891151 0.7608385624643468 0.526708324934489 0.7659726183685112 0.5271114694618021 0.7719623502567028 0.5293287643620238 0.7825156873930404 0.530941342471276 0.7862236166571591 0.5324531344486999 0.7883628066172276 0.5379963716992542 0.7902167712492869 0.5427333198951825 0.7886480319452367 0.545252973190889 0.7856531660011409
1 0.5438419673452933 0.8729321163719338 0.5466639790364846 0.8646605818596691 0.5478734126184237 0.8578151739874501 0.5470671235637976 0.848687963491158 0.545252973190889 0.844124358243012 0.5411207417859303 0.8397033656588705 0.5370892965127998 0.8397033656588705 0.5322515621850433 0.8448374215630348 0.5307397702076194 0.8481175128351398 0.530941342471276 0.87093553907587 0.5336625680306389 0.8750713063320023 0.5383995162265672 0.8769252709640616 0.5413223140495868 0.8762122076440388 0.5438419673452933 0.8729321163719338
1 0.6373714976819189 0.7383057615516257 0.6383793590002016 0.7328864803194524 0.637774642209232 0.7271819737592699 0.6275952428945777 0.7127780946948089 0.6179197742390647 0.7136337706788363 0.6172142713162668 0.7160581859669138 0.6186252771618626 0.7191956645750143 0.6194315662164886 0.727467199087279 0.6212457165893973 0.7328864803194524 0.6267889538399516 0.7432972047917855 0.6317274742995364 0.7445807187678266 0.6348518443862124 0.7427267541357673 0.6373714976819189 0.7383057615516257
1 0.5850634952630518 0.6437535653166001 0.5879862930860713 0.6384768967484312 0.5877847208224148 0.6319167142042214 0.5859705704495062 0.6253565316600114 0.5805281193307801 0.6125213918996006 0.5776053215077606 0.6103822019395322 0.5753880266075388 0.6112378779235597 0.5728683733118323 0.6162293211637193 0.5704495061479541 0.6270678836280662 0.5698447893569845 0.6347689674843126 0.5706510784116106 0.6438961779806047 0.5729691594436606 0.6466058185966914 0.5768998185849628 0.6476041072447233 0.5802257609352953 0.6468910439247005 0.5850634952630518 0.6437535653166001
1 0.6078411610562386 0.6383342840844267 0.608748236242693 0.6361950941243583 0.6093529530336625 0.6324871648602396 0.6085466639790365 0.6216486023958927 0.6052207216287039 0.6160867084997148 0.6019955654101996 0.6129492298916144 0.5959483975005039 0.612093553907587 0.5914130215682322 0.6165145464917284 0.589397298931667 0.6216486023958927 0.5904051602499496 0.6384768967484312 0.5921185244910301 0.6397604107244723 0.6018947792783713 0.6410439247005134 0.6058254384196734 0.6397604107244723 0.6078411610562386 0.6383342840844267
1 0.6264865954444668 0.6324871648602396 0.6270913122354363 0.626497432972048 0.6239669421487604 0.618938961779806 0.6155009070751865 0.6146605818596691 0.61066317274743 0.6160867084997148 0.6085466639790365 0.6205077010838562 0.60834509171538 0.6233599543639475 0.6089498085063495 0.6384768967484312 0.6122757508566821 0.6440387906446092 0.6160048377343278 0.6464632059326868 0.6183229187663778 0.6446092413006275 0.6264865954444668 0.6324871648602396
1 0.6319290465631929 0.6664289788933258 0.6317274742995364 0.6647176269252709 0.6285023180810321 0.655875641756988 0.6233622253577907 0.6491728465487735 0.6197339246119734 0.6460353679406732 0.6159040516024995 0.6471762692527097 0.6137875428341061 0.6504563605248146 0.6125781092521669 0.6547347404449515 0.6119733924611973 0.6601540216771249 0.6125781092521669 0.6661437535653166 0.6163071961298126 0.6728465487735311 0.6197339246119734 0.674843126069595 0.6236645837532756 0.6747005134055905 0.6310219713767385 0.6682829435253851 0.6319290465631929 0.6664289788933258
1 0.6506752670832493 0.6672846548773531 0.6500705502922798 0.6630062749572162 0.6484579721830276 0.6590131203650884 0.6457367466236645 0.6560182544209926 0.6437210239870994 0.6551625784369652 0.6392864341866559 0.6557330290929835 0.6339447691997581 0.660439247005134 0.6331384801451321 0.6655733029092984 0.6335416246724451 0.6681403308613805 0.6392864341866559 0.6796919566457501 0.6435194517234428 0.6842555618938961 0.6472485386010884 0.6863947518539646 0.6492642612376537 0.6829720479178552 0.6506752670832493 0.6672846548773531
1 0.6508768393469059 0.649030233884769 0.6526909897198145 0.6438961779806047 0.6522878451925015 0.637906446092413 0.6504736948195928 0.6322019395322305 0.6471477524692603 0.6283513976041073 0.6384801451320299 0.6283513976041073 0.6371699254182625 0.6293496862521392 0.6363636363636364 0.6319167142042214 0.6367667808909494 0.644466628636623 0.637774642209232 0.6504563605248146 0.6392864341866559 0.654592127780947 0.6444265269098972 0.6555904164289789 0.6477524692602298 0.6534512264689104 0.6508768393469059 0.649030233884769
1 0.6698246321306188 0.6721334854535083 0.671437210239871 0.6658585282373075 0.671437210239871 0.6595835710211067 0.6700262043942753 0.6550199657729606 0.6675065510985688 0.6511694238448374 0.6600483773432776 0.6471762692527097 0.6550090707518645 0.6417569880205363 0.6532957065107842 0.6436109526525956 0.6512799838742189 0.6493154592127781 0.6522878451925015 0.6655733029092984 0.6545051400927232 0.6712778094694809 0.6572263656520863 0.6745579007415858 0.6588389437613384 0.6759840273816314 0.6631727474299537 0.676126640045636 0.6673049788349124 0.6745579007415858 0.6698246321306188 0.6721334854535083
1 0.6788953839951622 0.6969480889903024 0.6795001007861319 0.6878208784940103 0.6784922394678492 0.6824015972618368 0.6755694416448297 0.677124928693668 0.6709332795807297 0.6731317741015402 0.6667002620439427 0.6731317741015402 0.6620640999798427 0.6751283513976041 0.6601491634751058 0.6772675413576725 0.657125579520258 0.6878208784940103 0.6569240072566015 0.6938106103822019 0.6590405160249949 0.6970907016543069 0.6620640999798427 0.6988020536223617 0.6660955452529732 0.7045065601825442 0.671034065712558 0.7049343981745579 0.6763757306994558 0.7016543069024529 0.6788953839951622 0.6969480889903024
1 0.6990526103608143 0.7077866514546491 0.700866760733723 0.6935253850541928 0.6994557548881274 0.6883913291500285 0.6957266680104818 0.6825442099258414 0.6914936504736948 0.6808328579577867 0.6886716387825035 0.6811180832857958 0.686151985486797 0.6829720479178552 0.6845394073775448 0.6881061038220194 0.6847409796412014 0.6998003422703936 0.6870590606732514 0.7059326868225898 0.6910905059463818 0.710781517398745 0.6948195928240274 0.7126354820308043 0.697742390647047 0.710781517398745 0.6990526103608143 0.7077866514546491
1 0.7214271316266881 0.7049343981745579 0.7220318484176578 0.6975185396463206 0.720620842572062 0.691528807758129 0.7136665994759122 0.683970336565887 0.7062084257206208 0.679406731317741 0.7017738359201774 0.6782658300057045 0.7002620439427535 0.6818311466058186 0.70046361620641 0.6875356531660012 0.7016730497883491 0.694095835710211 0.7042934892158839 0.7017969195664575 0.7088288651481556 0.7099258414147176 0.7128603104212861 0.713063320022818 0.714775246926023 0.7132059326868226 0.7174964724853861 0.7122076440387907 0.7214271316266881 0.7049343981745579
1 0.7431969361015924 0.7428693667997718 0.7407780689377141 0.7303194523673702 0.7372505543237251 0.7236166571591557 0.7334206813142512 0.7233314318311466 0.727575085668212 0.7270393610952652 0.7217294900221729 0.7318881916714204 0.7180004031445273 0.7380205362236166 0.7182019754081839 0.7420136908157444 0.7191090505946381 0.7438676554478038 0.7297923805684338 0.7498573873359954 0.7379560572465229 0.7508556759840274 0.7419875025196533 0.7482886480319453 0.7431969361015924 0.7428693667997718
1 0.7633541624672445 0.7271819737592699 0.7659746018947793 0.716343411294923 0.7659746018947793 0.7106389047347405 0.7637573069945576 0.7052196235025671 0.7606329369078815 0.7022247575584712 0.7578109252166901 0.7010838562464347 0.750755895988712 0.7016543069024529 0.7468252368474098 0.7055048488305762 0.7462205200564402 0.7112093553907587 0.7470268091110663 0.716343411294923 0.7514613989115098 0.7323160296634341 0.7529731908889337 0.7341699942954935 0.7571054222938923 0.734312606959498 0.7598266478532554 0.7327438676554479 0.7633541624672445 0.7271819737592699
1 0.635456561177182 0.6118083285795779 0.6385809312638581 0.6051055333713634 0.6385809312638581 0.5996862521391899 0.6361620640999799 0.5939817455790074 0.6316266881677082 0.5892755276668569 0.6275952428945777 0.5892755276668569 0.6217496472485387 0.5932686822589845 0.6194315662164886 0.5959783228750714 0.6186252771618626 0.5985453508271534 0.6178189881072365 0.6056759840273817 0.618826849425519 0.6093839132915003 0.6204394275347712 0.6105248146035368 0.6196331384801451 0.6159440958357102 0.6240677282805885 0.617655447803765 0.6275952428945777 0.6169423844837422 0.635456561177182 0.6118083285795779
1 0.6329369078814755 0.5828579577866515 0.6337431969361016 0.577438676554478 0.6279983874218907 0.5715915573302909 0.6243700866760734 0.5701654306902453 0.6193307800846604 0.5707358813462635 0.6159040516024995 0.5730176839703366 0.6143922596250756 0.5771534512264689 0.6143922596250756 0.5828579577866515 0.6158032654706712 0.588562464346834 0.6197339246119734 0.5932686822589845 0.6206409997984277 0.59312606959498 0.6288046764765168 0.589560752994866 0.6329369078814755 0.5828579577866515
1 0.6539004233017537 0.6159440958357102 0.6547067123563798 0.6108100399315459 0.6543035678290667 0.6082430119794637 0.652086272928845 0.6025385054192812 0.6487603305785123 0.5992584141471763 0.6413021568232211 0.5995436394751854 0.6391856480548277 0.6013976041072447 0.6361620640999799 0.6102395892755277 0.6371699254182625 0.617655447803765 0.6385809312638581 0.622219053051911 0.6415037290868777 0.6263548203080433 0.6431163071961298 0.627780946948089 0.6472485386010884 0.6287792355961209 0.6500705502922798 0.6253565316600114 0.6539004233017537 0.6159440958357102
1 0.5952428945777061 0.583998859098688 0.5964523281596452 0.5785795778665146 0.5962507558959887 0.5745864232743868 0.592521669018343 0.5687393040501997 0.5882886514815562 0.5658870507701084 0.5844587784720823 0.5647461494580719 0.5799234025398106 0.572875071306332 0.5787139689578714 0.5780091272104962 0.5799234025398106 0.5831431831146606 0.5839548478129409 0.5899885909868796 0.5854666397903648 0.5915573302909298 0.5885910098770409 0.5922703936109527 0.5909090909090909 0.5907016543069025 0.5952428945777061 0.583998859098688
1 0.8270509977827051 0.8338562464346834 0.8248337028824834 0.8218767826583001 0.82503527514614 0.8158870507701084 0.8242289860915138 0.8101825442099259 0.823120338641403 0.8083285795778665 0.8204998992138681 0.80718767826583 0.8160653094134247 0.8088990302338848 0.8118322918766377 0.8083285795778665 0.8082039911308204 0.809469480889903 0.8056843378351138 0.8124643468339988 0.8042733319895182 0.8158870507701084 0.8036686151985487 0.819594980034227 0.8040717597258618 0.8275812892184826 0.8079016327353357 0.8367084997147747 0.8130417254585769 0.8439817455790074 0.8156621648861117 0.8459783228750714 0.8201975408183834 0.8461209355390759 0.8240274138278573 0.8432686822589845 0.8270509977827051 0.8338562464346834
1 0.8254384196734529 0.7049343981745579 0.8268494255190486 0.6998003422703936 0.8264462809917356 0.6943810610382202 0.8238258415642008 0.6843981745579008 0.8197943962910703 0.6749857387335996 0.8158637371497682 0.6751283513976041 0.8099173553719008 0.6901026811180833 0.8091110663172747 0.6935253850541928 0.8095142108445877 0.6992298916143753 0.8118322918766377 0.7033656588705077 0.8136464422495464 0.7047917855105533 0.8182826043136464 0.7073588134626355 0.8210038298730095 0.70750142612664 0.823120338641403 0.7070735881346264 0.8254384196734529 0.7049343981745579
1 0.7825035275146139 0.6889617798060468 0.7825035275146139 0.6832572732458643 0.7812940939326749 0.6764118653736452 0.7798830880870792 0.6718482601254991 0.7765571457367466 0.6671420422133485 0.7717194114089901 0.6665715915573303 0.7695021165087684 0.667997718197376 0.7649667405764967 0.6744152880775813 0.7633541624672445 0.682686822589846 0.7664785325539206 0.6856816885339418 0.7725257004636162 0.6945236737022248 0.777464220923201 0.6949515116942384 0.7803870187462205 0.6939532230462065 0.7825035275146139 0.6889617798060468
1 0.7691997581132836 0.6661437535653166 0.7689981858496271 0.6601540216771249 0.7568030638984076 0.6468910439247005 0.7529731908889337 0.6463205932686823 0.7504535375932272 0.6496006845407872 0.7486393872203185 0.6550199657729606 0.7502519653295706 0.6655733029092984 0.7529731908889337 0.6702795208214489 0.7601290062487401 0.6712778094694809 0.7672848216085467 0.6702795208214489 0.7691997581132836 0.6661437535653166
1 0.8990122959080831 0.6287792355961209 0.8984075791171134 0.6239304050199658 0.8954847812940939 0.6186537364517969 0.8906470469663375 0.6158014831717057 0.8785527111469462 0.6160867084997148 0.874218907478331 0.6179406731317741 0.8726063293690788 0.6213633770678836 0.8737149768191896 0.6272104962920707 0.8777464220923201 0.6303479749001711 0.8900423301753678 0.6437535653166001 0.8943761338439831 0.6438961779806047 0.8973997177988309 0.6384768967484312 0.8990122959080831 0.6287792355961209
1 0.7482362426930055 0.6170849971477467 0.748437814956662 0.6090986879634912 0.7464220923200967 0.6008271534512265 0.7443055835517033 0.5972618368511123 0.7412819995968555 0.5946948088990303 0.7372505543237251 0.594124358243012 0.7316065309413424 0.5961209355390759 0.7296915944366055 0.5988305761551626 0.7282805885910099 0.6051055333713634 0.7280790163273534 0.6119509412435824 0.729086877645636 0.6167997718197376 0.7308002418867164 0.618938961779806 0.7356379762144729 0.6217912150598973 0.7421890747833099 0.6227895037079293 0.746119733924612 0.6217912150598973 0.7482362426930055 0.6170849971477467
1 0.7234428542632534 0.5882772390188249 0.7234428542632534 0.577438676554478 0.7212255593630317 0.5717341699942955 0.717899617012699 0.567313177410154 0.7142713162668817 0.5656018254420992 0.7098367264664383 0.5661722760981175 0.7048982060068535 0.577438676554478 0.7075186454343882 0.5848545350827153 0.7118524491030034 0.5912721049629207 0.7136665994759122 0.5929834569309754 0.7186051199354969 0.5936965202509983 0.7215279177585164 0.5921277809469481 0.7234428542632534 0.5882772390188249
1 0.7137673856077403 0.528094694808899 0.71437210239871 0.5241015402167712 0.7139689578713969 0.518967484312607 0.7129610965531142 0.5161152310325157 0.7086272928844991 0.5105533371363377 0.7060068534569643 0.5091272104962921 0.7021769804474904 0.5099828864803194 0.6972384599879057 0.5166856816885339 0.6962305986696231 0.5206788362806617 0.6964321709332796 0.5289503707929264 0.6970368877242491 0.5357957786651455 0.6978431767788752 0.5383628066172276 0.6986494658335013 0.5383628066172276 0.7096351542027817 0.5328009127210497 0.7137673856077403 0.528094694808899
1 0.6603507357387624 0.5492013690815745 0.6611570247933884 0.5443525385054193 0.6585365853658537 0.5329435253850542 0.6561177182019754 0.5275242441528808 0.6525902035879863 0.522532800912721 0.6513807700060472 0.5216771249286937 0.6469461802056037 0.5222475755847119 0.6437210239870994 0.5253850541928123 0.6422092320096755 0.5286651454649173 0.6412013706913928 0.5326583000570451 0.6418060874823625 0.539218482601255 0.6436202378552711 0.543496862521392 0.6473493247329167 0.5479178551055334 0.6559161459383189 0.5520536223616657 0.6586373714976819 0.5513405590416429 0.6603507357387624 0.5492013690815745
1 0.6790969562588188 0.5440673131774102 0.6784922394678492 0.5383628066172276 0.6744607941947188 0.5326583000570451 0.6736545051400927 0.5292355961209355 0.6721427131626688 0.5273816314888762 0.6667002620439427 0.5236737022247575 0.6630719612981254 0.5253850541928123 0.6595444466841363 0.5329435253850542 0.6593428744204798 0.5386480319452367 0.6605523080024188 0.5432116371933827 0.6664986897802863 0.5482030804335425 0.6716387825035275 0.548060467769538 0.6781898810723644 0.5462065031374786 0.6790969562588188 0.5440673131774102
1 0.6788953839951622 0.5155447803764974 0.6770812336222536 0.505561893896178 0.6745615803265471 0.5014261266400456 0.6699254182624471 0.49942954934398176 0.6624672445071558 0.5057045065601825 0.6580326547067123 0.5079863091842556 0.6559161459383189 0.5106959498003423 0.6569240072566015 0.5161152310325157 0.6582342269703689 0.517969195664575 0.6642813948800645 0.5233884768967484 0.6746623664583753 0.5286651454649173 0.6784922394678492 0.5221049629207074 0.6788953839951622 0.5155447803764974
1 0.8015521064301552 0.5376497432972048 0.8040717597258618 0.5346548773531089 0.8048780487804879 0.5286651454649173 0.8046764765168313 0.5246719908727895 0.802660753880266 0.5178265830005705 0.7981253779479943 0.5122646891043925 0.7934892158838944 0.5102681118083285 0.7884499092924814 0.5119794637763834 0.777061076395888 0.5329435253850542 0.7776657931868575 0.5380775812892185 0.7789760129006249 0.5393610952652595 0.7854263253376336 0.5393610952652595 0.7923805684337835 0.5409298345693098 0.7977222334206813 0.5399315459212778 0.8015521064301552 0.5376497432972048
1 0.8169723845998791 0.5218197375926983 0.8197943962910703 0.5112664004563605 0.8197943962910703 0.5044209925841415 0.8169723845998791 0.48844837421563037 0.8156621648861117 0.4860239589275528 0.8108244305583552 0.4883057615516258 0.8042733319895182 0.4987164860239589 0.8012497480346704 0.5052766685681689 0.801048175771014 0.5109811751283514 0.8020560370892965 0.5149743297204792 0.8067929852852248 0.5216771249286937 0.8123362225357791 0.5243867655447804 0.8158637371497682 0.5233884768967484 0.8169723845998791 0.5218197375926983
1 0.8103204998992138 0.4753280091272105 0.8143519451723443 0.4662007986309184 0.8153598064906269 0.4604962920707359 0.8151582342269704 0.45507701083856245 0.8118322918766377 0.45037079292641186 0.8086071356581335 0.44894466628636626 0.8043741181213465 0.4492298916143754 0.800342672848216 0.45122646891043927 0.79721830276154 0.45536223616657157 0.7960088691796009 0.4604962920707359 0.7958072969159443 0.46734169994295494 0.7966135859705704 0.4721905305191101 0.8005442451118726 0.4777524244152881 0.8050796210441443 0.47903593839132913 0.8090102801854465 0.47746719908727897 0.8103204998992138 0.4753280091272105
1 0.7818988107236444 0.4604962920707359 0.7765571457367466 0.45122646891043927 0.7729288449909293 0.4495151169423845 0.7690989719814554 0.4495151169423845 0.7650675267083249 0.45208214489446663 0.7631525902035879 0.45536223616657157 0.7621447288853054 0.460781517398745 0.7625478734126184 0.4659155733029093 0.7645635960491837 0.4710496292070736 0.7678895383995162 0.47518539646320596 0.7730296311227575 0.47589845978322876 0.7812940939326749 0.4670564746149458 0.7818988107236444 0.4604962920707359
1 0.7903648457972183 0.4419566457501426 0.7931868574884096 0.43282943525385054 0.7927837129610965 0.42712492869366797 0.79026405966539 0.4232743867655448 0.7842168917556944 0.41871078151739877 0.78099173553719 0.41756988020536223 0.7765571457367466 0.41814033086138047 0.7743398508365249 0.41985168282943525 0.7714170530135054 0.42541357672561325 0.7708123362225358 0.4336851112378779 0.7716186252771619 0.4379634911580148 0.7765571457367466 0.4458071876782658 0.78330981656924 0.4465202509982886 0.7884499092924814 0.44466628636622935 0.7903648457972183 0.4419566457501426
1 0.7489417456158033 0.44837421563034796 0.7540818383390445 0.4408157444381061 0.7571054222938923 0.4333998859098688 0.7562991332392662 0.42769537934968627 0.7548881273936706 0.42455790074158584 0.7521669018343076 0.4212778094694809 0.7483370288248337 0.4189960068454079 0.7426930054424511 0.41871078151739877 0.7391654908284621 0.4219908727895037 0.7351340455553316 0.438248716486024 0.7349324732916751 0.4439532230462065 0.7359403346099577 0.44937250427837994 0.737653698851038 0.4517969195664575 0.7415843579923402 0.4522247575584712 0.7477323120338641 0.4498003422703936 0.7489417456158033 0.44837421563034796
1 0.7742390647046966 0.4197090701654307 0.7748437814956662 0.416001140901312 0.7738359201773836 0.41086708499714775 0.7712154807498488 0.4051625784369652 0.7686958274541423 0.40216771249286937 0.765470671235638 0.4004563605248146 0.7610360814351945 0.40102681118083283 0.7569038500302359 0.4074443810610382 0.7562991332392662 0.41086708499714775 0.7571054222938923 0.4165715915573303 0.7602297923805684 0.42156303479749 0.7642612376536988 0.4249857387335995 0.7689981858496271 0.42569880205362237 0.7713162668816771 0.4244152880775813 0.7742390647046966 0.4197090701654307
1 0.7776657931868575 0.3757843696520251 0.7792783712961097 0.3715059897318882 0.7794799435597661 0.36608670849971475 0.7763555734730901 0.35995436394751856 0.7686958274541423 0.35168282943525386 0.7648659544446684 0.35054192812321733 0.7627494456762749 0.3538220193953223 0.7607337230397098 0.36266400456360526 0.7597258617214271 0.37207644038790644 0.7609352953033662 0.37721049629207076 0.7628502318081032 0.37906446092413004 0.7646643821810118 0.3804905875641757 0.7700060471679097 0.38063320022818026 0.7725257004636162 0.3802053622361666 0.7776657931868575 0.3757843696520251
1 0.7151783914533361 0.44937250427837994 0.7157831082443056 0.4442384483742156 0.7139689578713969 0.4365373645179692 0.7114493045756903 0.432686822589846 0.7060068534569643 0.4292641186537364 0.7019754081838339 0.4298345693097547 0.6980447490425318 0.43397033656588707 0.6962305986696231 0.43910439247005134 0.6958274541423101 0.445094124358243 0.6970368877242491 0.4499429549343982 0.6993549687562991 0.4540787221905305 0.7019754081838339 0.45636052481460354 0.7063092118524491 0.45735881346263546 0.7122555936303164 0.45436394751853965 0.7151783914533361 0.44937250427837994
1 0.647046966337432 0.46220764403879067 0.6500705502922798 0.45536223616657157 0.6490626889739972 0.44965772960638906 0.6425115904051603 0.4409583571021107 0.6398911509776255 0.439532230462065 0.6352549889135255 0.44010268111808326 0.6334408385406168 0.4415288077581289 0.6315259020358799 0.4439532230462065 0.6295101793993146 0.4502281802624073 0.6291070348720016 0.456217912150599 0.6301148961902843 0.46135196805476325 0.6316266881677082 0.4643468339988591 0.6357589195726668 0.4659155733029093 0.6453336020963515 0.46406160867084995 0.647046966337432 0.46220764403879067
1 0.6589397298931667 0.4368225898459783 0.6597460189477928 0.4333998859098688 0.6591413021568232 0.42683970336565885 0.657528724047571 0.4217056474614946 0.654404353960895 0.41642897889332575 0.6515823422697037 0.414717626925271 0.6471477524692603 0.41443240159726186 0.6443257407780689 0.4161437535653166 0.6418060874823625 0.4202795208214489 0.6403950816367667 0.42655447803764973 0.6412013706913928 0.4333998859098688 0.6426123765369885 0.4379634911580148 0.6453336020963515 0.44067313177410156 0.6476516831284015 0.44110096976611524 0.6572263656520863 0.4389617798060468 0.6589397298931667 0.4368225898459783
1 0.6674057649667405 0.39717626925270966 0.6684136262850232 0.3940387906446092 0.6684136262850232 0.3883342840844267 0.6665994759121145 0.3814888762122076 0.6624672445071558 0.3750713063320023 0.6592420882886515 0.37335995436394753 0.6513807700060472 0.374500855675984 0.6430155210643016 0.3834854535082715 0.642410804273332 0.3894751853964632 0.6491634751058254 0.3970336565887051 0.6586373714976819 0.40216771249286937 0.6631727474299537 0.4020250998288648 0.6656924007256602 0.40017113519680547 0.6674057649667405 0.39717626925270966
1 0.5920177383592018 0.5161152310325157 0.5932271719411409 0.5106959498003423 0.5908083047772626 0.4992869366799772 0.5874823624269301 0.4940102681118083 0.5844587784720823 0.4917284654877353 0.5806289054626084 0.49286936679977184 0.5785123966942148 0.4950085567598403 0.573876234630115 0.5072732458642327 0.5708526506752671 0.5109811751283514 0.569643217093328 0.5152595550484883 0.569643217093328 0.5164004563605248 0.572767587180004 0.5196805476326298 0.5765974601894779 0.5213918996006845 0.5819391251763757 0.5218197375926983 0.5890949405361823 0.5193953223046206 0.5920177383592018 0.5161152310325157
1 0.5490828462003629 0.5212492869366799 0.550292279782302 0.5164004563605248 0.549889135254989 0.5121220764403879 0.5492844184640193 0.5092698231602967 0.5471679096956259 0.5062749572162007 0.5413223140495868 0.5005704506560182 0.5376940133037694 0.5005704506560182 0.5348720016125781 0.5022818026240731 0.5333602096351542 0.5047062179121506 0.5329570651078411 0.5118368511123788 0.5341664986897803 0.5181118083285796 0.5371900826446281 0.5263833428408443 0.541423100181415 0.5283799201369082 0.5451521870590607 0.5270964061608671 0.5490828462003629 0.5212492869366799
1 0.529026405966539 0.5054192812321734 0.532856278976013 0.5039931545921278 0.5343680709534369 0.5018539646320593 0.5353759322717194 0.4995721620079863 0.5343680709534369 0.49187107815173986 0.5330578512396694 0.4883057615516258 0.5215682322112477 0.4831717056474615 0.5173352146744608 0.4834569309754706 0.5148155613787543 0.48616657159155735 0.5136061277968151 0.49358243011979464 0.5136061277968151 0.5004278379920137 0.5150171336424108 0.5075584711922418 0.5161257810925217 0.5094124358243012 0.5182422898609151 0.5104107244723332 0.5253981052207216 0.5082715345122647 0.529026405966539 0.5054192812321734
1 0.49768191896795 0.5332287507130633 0.4986897802862326 0.5260981175128352 0.49768191896795 0.5218197375926983 0.49455754888127396 0.5176839703365659 0.4909292481354566 0.5151169423844837 0.4858899415440435 0.513405590416429 0.4821608546663979 0.5164004563605248 0.48074984882080224 0.5209640616086708 0.48074984882080224 0.5326583000570451 0.4799435597661762 0.5395037079292642 0.4816569240072566 0.54249857387336 0.4872001612578109 0.5443525385054193 0.490324531344487 0.54249857387336 0.49768191896795 0.5332287507130633
1 0.4878048780487805 0.42712492869366797 0.4888127393670631 0.4219908727895037 0.4888127393670631 0.41628636622932114 0.4878048780487805 0.413719338277239 0.4864946583350131 0.41215059897318884 0.4826647853255392 0.4112949229891614 0.4784317677887523 0.4112949229891614 0.470973594033461 0.40929834569309753 0.4691594436605523 0.41043924700513407 0.46986494658335015 0.41628636622932114 0.4742995363837936 0.42683970336565885 0.47863334005240876 0.43211637193382774 0.48256399919371096 0.43311466058185966 0.48609151380770005 0.4309754706217912 0.4878048780487805 0.42712492869366797
1 0.5404152388631325 0.41628636622932114 0.5400120943358194 0.4057330290929835 0.5369885103809716 0.398031945236737 0.5352751461398911 0.39589275527666856 0.5296311227575086 0.39389617798060467 0.5255996774843782 0.3953223046206503 0.522072162870389 0.39917284654877355 0.5192501511791977 0.4051625784369652 0.5198548679701673 0.4134341129492299 0.5214674460794194 0.4177124928693668 0.523987099375126 0.4209925841414718 0.5341664986897803 0.42569880205362237 0.5371900826446281 0.42341699942954936 0.5404152388631325 0.41628636622932114
1 0.5608748236242693 0.4184255561893896 0.5619834710743802 0.4165715915573303 0.5623866156016932 0.4105818596691386 0.5605724652287846 0.4051625784369652 0.5601693207014715 0.39945807187678267 0.5583551703285627 0.39489446662863664 0.5550292279782302 0.39189960068454077 0.5520056440233824 0.39132915002852253 0.5491836323321911 0.39247005134055907 0.545252973190889 0.3974614945807188 0.5420278169723846 0.4051625784369652 0.541423100181415 0.411437535653166 0.5424309614996976 0.4165715915573303 0.5449506147954042 0.42013690815744437 0.5489820600685346 0.42184826012549914 0.5533158637371498 0.4219908727895037 0.5570449506147954 0.4209925841414718 0.5608748236242693 0.4184255561893896
1 0.6212457165893973 0.3894751853964632 0.6190284216891756 0.37635482030804335 0.6176174158435799 0.37293211637193385 0.6142914734932473 0.36936679977181974 0.6074380165289256 0.3687963491158015 0.6047167909695625 0.3717912150598973 0.6045152187059061 0.3746434683399886 0.6069340858697844 0.39204221334854533 0.6080427333198952 0.3944666286366229 0.6112678895383995 0.39589275527666856 0.6166095545252973 0.395750142612664 0.6197339246119734 0.3941814033086138 0.6212457165893973 0.3894751853964632
1 0.5874823624269301 0.3719338277239019 0.5902035879862931 0.36694238448374217 0.5908083047772626 0.36409013120365086 0.5910098770409191 0.3600969766115231 0.5900020157226366 0.3552481460353679 0.5844587784720823 0.34711922418710783 0.5798226164079823 0.3499714774671991 0.5725660149163475 0.35168282943525386 0.5716589397298931 0.35410724472333144 0.5742793791574279 0.36608670849971475 0.5766982463213062 0.37207644038790644 0.5807296915944367 0.3757843696520251 0.5840556339447692 0.3750713063320023 0.5874823624269301 0.3719338277239019
1 0.588994154404354 0.3695094124358243 0.5902035879862931 0.36637193382772393 0.5908083047772626 0.36066742726754136 0.5891957266680105 0.3546776953793497 0.5841564200765975 0.34783228750713063 0.5827454142310018 0.335282373074729 0.5805281193307801 0.32815173987450086 0.5771013908486192 0.32187678265830005 0.5805281193307801 0.317313177410154 0.579721830276154 0.3110382201939532 0.5735738762346301 0.3029092983456931 0.5689377141705302 0.30262407301768396 0.5661157024793388 0.3051911009697661 0.5644023382382584 0.3087564175698802 0.560774037492441 0.3224472333143183 0.5599677484378149 0.32786651454649174 0.560774037492441 0.33128921848260123 0.5621850433380366 0.333000570450656 0.560774037492441 0.3367084997147747 0.5613787542834106 0.34383913291500284 0.5649062688973997 0.34911580148317173 0.5714573674662367 0.3538220193953223 0.5742793791574279 0.36580148317170563 0.5766982463213062 0.3715059897318882 0.5802257609352953 0.37478608100399313 0.5817375529127192 0.3746434683399886 0.5868776456359605 0.372219053051911 0.588994154404354 0.3695094124358243
1 0.6029026405966539 0.2885054192812322 0.6020963515420278 0.28308613804905874 0.594839750050393 0.270250998288648 0.5921185244910301 0.2629777524244153 0.5883894376133844 0.26511694238448374 0.5877847208224148 0.27110667427267543 0.5833501310219714 0.27994865944095837 0.5823422697036887 0.2828009127210496 0.5823422697036887 0.2865088419851683 0.5848619229993953 0.29435253850541926 0.5878855069542431 0.29634911580148315 0.5928240274138279 0.2967769537934969 0.5999798427736344 0.29406731317741014 0.6029026405966539 0.2885054192812322
1 0.6431163071961298 0.2775242441528808 0.6460391050191494 0.2719623502567028 0.6448296714372103 0.26711351968054764 0.6402942955049385 0.2609811751283514 0.6318282604313646 0.25812892184826014 0.6271920983672646 0.25812892184826014 0.6236645837532756 0.26083856246434683 0.6224551501713365 0.2662578436965202 0.6236645837532756 0.28080433542498573 0.625377947994356 0.2835139760410724 0.6299133239266277 0.2842270393610953 0.6336424108042733 0.2832287507130633 0.6431163071961298 0.2775242441528808
1 0.552610360814352 0.2840844266970907 0.5547268695827454 0.27994865944095837 0.5551300141100585 0.27709640616086706 0.5541221527917759 0.27167712492869367 0.5521064301552107 0.26739874500855676 0.5491836323321911 0.26440387906446094 0.5455553315863737 0.2632629777524244 0.5419270308405564 0.26383342840844265 0.5383995162265672 0.267969195664575 0.5373916549082847 0.27053622361665713 0.5390042330175367 0.29135767256132344 0.5396089498085064 0.2942099258414147 0.541423100181415 0.29535082715345123 0.5457569038500303 0.28978893325727323 0.552610360814352 0.2840844266970907
1 0.5330578512396694 0.3194523673702225 0.5353759322717194 0.3161722760981175 0.536383793590002 0.3110382201939532 0.5357790767990325 0.30533371363377065 0.5343680709534369 0.30162578436965204 0.5300342672848216 0.2957786651454649 0.5258012497480347 0.2934968625213919 0.5217698044749043 0.29435253850541926 0.5202580124974804 0.2964917284654877 0.5184438621245716 0.3001996577296064 0.5156218504333804 0.3110382201939532 0.5152187059060673 0.3167427267541358 0.5162265672243499 0.32187678265830005 0.5175367869381173 0.32316029663434115 0.5222737351340455 0.3230176839703366 0.5296311227575086 0.3214489446662864 0.5330578512396694 0.3194523673702225
1 0.5047369481959283 0.333000570450656 0.5089699657327151 0.3227324586423274 0.5095746825236848 0.31759840273816314 0.5089699657327151 0.3110382201939532 0.5060471679096956 0.3074729035938391 0.4939528320903044 0.31517398745008557 0.4902237452126587 0.3193097547062179 0.48921588389437615 0.3221620079863092 0.48840959483975005 0.32815173987450086 0.4910300342672848 0.3347119224187108 0.4941544043539609 0.3379920136908157 0.4986897802862326 0.3387050770108386 0.5020157226365652 0.3365658870507701 0.5047369481959283 0.333000570450656
1 0.4865954444668414 0.348687963491158 0.4890143116307196 0.34383913291500284 0.48941745615803267 0.33642327438676556 0.4890143116307196 0.333000570450656 0.48760330578512395 0.32986309184255563 0.4804474904253175 0.3200228180262407 0.4784317677887523 0.3185966913861951 0.47571054222938924 0.3210211066742727 0.473694819592824 0.3275812892184826 0.47208224148357186 0.3449800342270394 0.47440032251562186 0.35054192812321733 0.4797419875025197 0.3518254420992584 0.48306792985285224 0.3511123787792356 0.4865954444668414 0.348687963491158
1 0.4402338238258416 0.3940387906446092 0.4408385406168111 0.3897604107244723 0.4404353960894981 0.3840559041642898 0.437311026002822 0.376782658300057 0.43549687562991335 0.3753565316600114 0.43106228582946987 0.3753565316600114 0.42904656319290463 0.3764974329720479 0.4256198347107438 0.37992013690815746 0.41604515218705906 0.3940387906446092 0.4148357186051199 0.3997432972047918 0.4159443660552308 0.40102681118083283 0.42088288651481554 0.40145464917284657 0.43549687562991335 0.3984597832287507 0.4402338238258416 0.3940387906446092
1 0.4269300544245112 0.3735025670279521 0.42773634347913725 0.36608670849971475 0.42501511791977425 0.3628066172276098 0.4215883894376134 0.3619509412435824 0.4155412215279178 0.3628066172276098 0.40868776456359607 0.3687963491158015 0.40415238863132436 0.3774957216200799 0.40455553315863735 0.3863377067883628 0.4080830477726265 0.3921848260125499 0.4113082039911308 0.39389617798060467 0.41584357992340254 0.3937535653166001 0.42189074783309816 0.3857672561323445 0.4269300544245112 0.3735025670279521
1 0.4184640193509373 0.42741015402167715 0.41806087482362425 0.42113519680547634 0.41584357992340254 0.4154306902452938 0.4119129207821004 0.4098687963491158 0.40788147550896997 0.41043924700513407 0.40546260834509174 0.41243582430119796 0.40092723241282 0.42256132344552194 0.40032251562185045 0.4282658300057045 0.40153194920378954 0.43168853394181406 0.4044547470268091 0.43468339988590987 0.4079822616407982 0.4356816885339418 0.4157427937915743 0.4315459212778095 0.4184640193509373 0.42741015402167715
1 0.41019955654101997 0.4094409583571021 0.41080427333198954 0.3988876212207644 0.4104011288046765 0.39489446662863664 0.4079822616407982 0.3897604107244723 0.40385003023583954 0.38590986879634914 0.3981052207216287 0.38890473474044496 0.3960894980850635 0.3937535653166001 0.39588792582140697 0.3997432972047918 0.3997177988308809 0.40858528237307473 0.4043539608949808 0.4122932116371934 0.40868776456359607 0.4110096976611523 0.41019955654101997 0.4094409583571021
1 0.2644628099173554 0.36665715915573305 0.2668816770812336 0.3612378779235596 0.2666801048175771 0.3552481460353679 0.2645635960491836 0.35168282943525386 0.2625478734126184 0.3502567027952082 0.2466236645837533 0.3459783228750713 0.2455150171336424 0.3472618368511124 0.24511187260632936 0.34982886480319453 0.24894174561580326 0.3652310325156874 0.25226768796613586 0.3719338277239019 0.25599677484378147 0.373217341699943 0.2601290062487402 0.3719338277239019 0.2644628099173554 0.36665715915573305
1 0.29691594436605523 0.38890473474044496 0.2977222334206813 0.3817741015402168 0.2967143721023987 0.37863662293211636 0.2865349727877444 0.37364517969195665 0.27464220923200966 0.37164860239589276 0.27323120338641405 0.3725042783799201 0.2721225559363032 0.3774957216200799 0.2745414231001814 0.3851968054763263 0.2781697238459988 0.39204221334854533 0.282503527514614 0.39760410724472334 0.2863334005240879 0.39988590986879635 0.29046563192904656 0.4000285225328009 0.29409393267486394 0.395750142612664 0.29691594436605523 0.38890473474044496
1 0.376940133037694 0.44110096976611524 0.3779479943559766 0.4385339418140331 0.37835113888328964 0.43168853394181406 0.3773432775650071 0.42741015402167715 0.3738157629510179 0.42156303479749 0.36877645635960493 0.4195664575014261 0.3653497278774441 0.42156303479749 0.36182221326345493 0.42741015402167715 0.35920177383592017 0.43311466058185966 0.3585970570449506 0.4399600684540787 0.360310421286031 0.44466628636622935 0.36887724249143317 0.4470907016543069 0.374218907478331 0.44409583571021105 0.376940133037694 0.44110096976611524
1 0.3968957871396896 0.3769252709640616 0.39488006450312435 0.3652310325156874 0.39286434186655916 0.3592413006274957 0.388933682725257 0.3559612093553908 0.38449909292481355 0.3559612093553908 0.378855069542431 0.35995436394751856 0.37613384398306793 0.36409013120365086 0.3737149768191897 0.3717912150598973 0.37411812134650274 0.3774957216200799 0.3749244104011288 0.3792070735881346 0.3764362023785527 0.38163148887621223 0.3804676476516831 0.38391329150028525 0.3932674863938722 0.38491158014831717 0.39629107034872 0.3832002281802624 0.3968957871396896 0.3769252709640616
1 0.3997177988308809 0.3210211066742727 0.39649264261237654 0.30561893896177983 0.3929651279983874 0.3000570450656018 0.38832896593428745 0.2997718197375927 0.384297520661157 0.3029092983456931 0.3805684337835114 0.30790074158585284 0.37915742793791574 0.3110382201939532 0.37835113888328964 0.31645750142612666 0.38228179802459183 0.32258984597832285 0.3907478330981657 0.3280091272104963 0.3968957871396896 0.3295778665145465 0.3997177988308809 0.3275812892184826 0.3997177988308809 0.3210211066742727
1 0.36948195928240274 0.31645750142612666 0.3712961096553114 0.31132344552196234 0.3706913928643419 0.30733029092983455 0.3607135658133441 0.29606389047347403 0.3572868373311832 0.29406731317741014 0.3530538197943963 0.293782087849401 0.35214674460794193 0.3004848830576155 0.352953033662568 0.31132344552196234 0.3549687562991332 0.32187678265830005 0.3570852650675267 0.32487164860239587 0.3610159242088289 0.3247290359383913 0.36635758919572664 0.32087849401026813 0.36948195928240274 0.31645750142612666
1 0.3705906067325136 0.2410154021677125 0.372303970973594 0.23859098687963493 0.37270711550090707 0.2331717056474615 0.366861519854868 0.2197661152310325 0.36414029429550493 0.21648602395892755 0.36051199354968755 0.2147746719908728 0.3585970570449506 0.2166286366229321 0.3565813344083854 0.22632629777524244 0.3533561781898811 0.2331717056474615 0.352953033662568 0.23859098687963493 0.3560774037492441 0.2441528807758129 0.36051199354968755 0.24643468339988592 0.362628502318081 0.24629207073588136 0.36716387825035274 0.24443810610382202 0.3705906067325136 0.2410154021677125
1 0.4581737552912719 0.23859098687963493 0.458980044345898 0.23231602966343412 0.45686353557750453 0.22703936109526526 0.45101793993146544 0.22190530519110097 0.44718806692199153 0.22047917855105534 0.4417456158032655 0.22190530519110097 0.43680709534368073 0.2277524244152881 0.4366055230800242 0.2331717056474615 0.4395283209030437 0.2370222475755847 0.44738963918564806 0.24386765544780376 0.4515218705906067 0.2448659440958357 0.45605724652287843 0.24244152880775813 0.4581737552912719 0.23859098687963493
1 0.4708728079016327 0.2645464917284655 0.47208224148357186 0.25456360524814603 0.47127595242894577 0.25057045065601824 0.4716790969562588 0.24429549343981746 0.4707720217698045 0.24272675413576725 0.46674057649667405 0.24472333143183114 0.4627091312235436 0.24443810610382202 0.4588792582140697 0.24643468339988592 0.4529328764362024 0.2559897318881917 0.4523281596452328 0.2614090131203651 0.4537391654908285 0.2665430690245294 0.45787139689578715 0.27181973759269823 0.46321306188268496 0.2742441528807758 0.46754686555130015 0.27239018824871647 0.4708728079016327 0.2645464917284655