0 0.3482160854666398 0.28836280661722763 0.3565813344083854 0.27766685681688535 0.3563797621447289 0.27167712492869367 0.3543640395081637 0.26511694238448374 0.3520459584761137 0.2606959498003423 0.3492239467849224 0.2586993725042784 0.34478935698447893 0.2586993725042784 0.34277363434791375 0.2598402738163149 0.3407579117113485 0.26155162578436963 0.3380366861519855 0.2662578436965202 0.33763354162467246 0.2845122646891044 0.33823825841564203 0.2885054192812322 0.34116105623866155 0.291500285225328 0.34267284821608546 0.29135767256132344 0.345192501511792 0.2912150598973189 0.3482160854666398 0.28836280661722763
0 0.3220116911912921 0.45265259555048487 0.32392662769602903 0.4499429549343982 0.32009675468655513 0.4396748431260696 0.3139488006450312 0.4329720479178551 0.3089094940536182 0.4329720479178551 0.30628905462608347 0.43468339988590987 0.3035678290667204 0.4388191671420422 0.30155210643015523 0.44937250427837994 0.30175367869381176 0.4545065601825442 0.3026607538802661 0.45664575014261266 0.3063898407579117 0.45792926411865376 0.31717395686353556 0.4555048488305762 0.3220116911912921 0.45265259555048487
0 0.3423704898206007 0.5273816314888762 0.3452932876436202 0.523531089560753 0.34650272122555936 0.5201083856246435 0.34791372707115503 0.5109811751283514 0.34730901028018546 0.5047062179121506 0.34095948397500503 0.49714774671990875 0.3369280387018746 0.49629207073588133 0.33450917153799636 0.4980034227039361 0.3334005240878855 0.4995721620079863 0.3323926627696029 0.5072732458642327 0.32563999193710946 0.5116942384483743 0.32392662769602903 0.5158300057045065 0.3245313444869986 0.5206788362806617 0.3267486393872203 0.5252424415288077 0.33067929852852246 0.5299486594409584 0.3340052408788551 0.5312321734169995 0.3371296109655311 0.5308043354249857 0.3423704898206007 0.5273816314888762
0 0.3170731707317073 0.5714489446662864 0.318887321104616 0.559469480889903 0.31808103204998994 0.5563320022818026 0.316166095545253 0.5547632629777525 0.3135456561177182 0.5541928123217341 0.30991735537190085 0.555904164289789 0.3020560370892965 0.5647461494580719 0.3003426728482161 0.5683114660581859 0.29993952832090304 0.5717341699942955 0.3038701874622052 0.5792926411865373 0.30628905462608347 0.5812892184826013 0.31062285829469866 0.5814318311466058 0.3140495867768595 0.5785795778665146 0.3170731707317073 0.5714489446662864
0 0.28643418665591613 0.6678551055333714 0.2876436202378553 0.6621505989731888 0.28744204797419876 0.6550199657729606 0.28663575891957266 0.6518824871648602 0.28411610562386613 0.6491728465487735 0.2780689377141705 0.6471762692527097 0.27242491433178795 0.6474614945807188 0.2700060471679097 0.6488876212207644 0.2656722434992945 0.6553051911009697 0.2648659544446684 0.660439247005134 0.265470671235638 0.6652880775812893 0.2676879661358597 0.6712778094694809 0.2712154807498488 0.677124928693668 0.27444063696835314 0.6788362806617227 0.2787744406369684 0.6786936679977182 0.2810925216690183 0.6774101540216771 0.28643418665591613 0.6678551055333714
0 0.34428542632533765 0.7214774671990872 0.3467042934892159 0.71406160867085 0.3469058657528724 0.7103536794067313 0.3458980044345898 0.7083571021106674 0.34116105623866155 0.7027952082144895 0.33753275549284417 0.7005134055904164 0.3332997379560573 0.7005134055904164 0.3222132634549486 0.7047917855105533 0.3217093327958073 0.7103536794067313 0.32412819995968556 0.7191956645750143 0.3332997379560573 0.7273245864232744 0.3380366861519855 0.7280376497432972 0.34116105623866155 0.726468910439247 0.34428542632533765 0.7214774671990872
0 0.381979439629107 0.7411580148317171 0.38238258415642007 0.7383057615516257 0.3802660753880266 0.733029092983457 0.37482362426930055 0.7293211637193383 0.3722031848417658 0.7287507130633201 0.3653497278774441 0.7324586423274386 0.36061277968151584 0.7368796349115802 0.357186051199355 0.7488590986879635 0.35698447893569846 0.7559897318881916 0.3578915541221528 0.7581289218482601 0.36131828260431365 0.7592698231602967 0.3652489417456158 0.7636908157444381 0.3767385607740375 0.754563605248146 0.381979439629107 0.7411580148317171
0 0.41302156823221126 0.7046491728465488 0.41221527917758516 0.6995151169423844 0.4124168514412417 0.6935253850541928 0.40989719814553516 0.6902452937820879 0.4074783309816569 0.6888191671420422 0.39598871195323526 0.6939532230462065 0.3924611973392461 0.6992298916143753 0.39165490828462 0.7057900741585853 0.3932674863938722 0.7157729606389047 0.39498085063495264 0.7187678265830005 0.39619028421689173 0.7199087278950371 0.40405160249949607 0.7201939532230462 0.4079822616407982 0.7220479178551056 0.41302156823221126 0.7109241300627496 0.41302156823221126 0.7046491728465488
0 0.41987502519653297 0.7477181973759269 0.42068131425115907 0.7437250427837993 0.42047974198750254 0.7371648602395893 0.41886716387825035 0.7303194523673702 0.4161459383188873 0.7276098117512835 0.4080830477726265 0.724187107815174 0.40566418060874826 0.7250427837992014 0.40405160249949607 0.7273245864232744 0.3955855674259222 0.7267541357672561 0.3960894980850635 0.7348830576155163 0.3981052207216287 0.7414432401597262 0.40304374118121344 0.7481460353679407 0.4072767587180004 0.7521391899600685 0.41201370691392863 0.7531374786081004 0.4155412215279178 0.7521391899600685 0.41987502519653297 0.7477181973759269
0 0.45938318887321106 0.7596976611523103 0.46220520056440234 0.7494295493439818 0.46220520056440234 0.74343981745579 0.46018947792783715 0.7354535082715346 0.45706510784116106 0.7301768397033657 0.45101793993146544 0.7250427837992014 0.4477927837129611 0.7253280091272105 0.4408385406168111 0.7351682829435254 0.43983067929852854 0.7380205362236166 0.4394275347712155 0.7448659440958357 0.4410401128804676 0.7517113519680547 0.44486998588994153 0.7551340559041643 0.44587784720822415 0.7616942384483743 0.44799435597661763 0.7641186537364518 0.4521265873815763 0.7651169423844837 0.4556541019955654 0.7641186537364518 0.45938318887321106 0.7596976611523103
0 0.43156621648861115 0.6781232173416999 0.4335819391251764 0.6627210496292071 0.43317879459786335 0.6598687963491158 0.4314654303567829 0.6571591557330291 0.42723241281999597 0.6565887050770108 0.42481354565611773 0.6577296063890473 0.42189074783309816 0.660439247005134 0.4194718806692199 0.6655733029092984 0.41745615803265473 0.6749857387335996 0.4170530135053417 0.682686822589846 0.41937109453739163 0.6853964632059327 0.4222938923604112 0.6852538505419281 0.42904656319290463 0.6828294352538505 0.43156621648861115 0.6781232173416999
0 0.38500302358395483 0.6381916714204221 0.38298730094738964 0.6322019395322305 0.38157629510179397 0.6239304050199658 0.38006450312437007 0.6215059897318882 0.3766377746422092 0.6200798630918426 0.36897802862326146 0.6215059897318882 0.3619229993952832 0.6269252709640616 0.35698447893569846 0.6390473474044495 0.3565813344083854 0.6436109526525956 0.360310421286031 0.6457501426126641 0.3655513001411006 0.6446092413006275 0.369179600886918 0.6420422133485454 0.37260632936907884 0.6457501426126641 0.3805684337835114 0.6464632059326868 0.3843983067929853 0.6407586993725043 0.38500302358395483 0.6381916714204221
0 0.49304575690385005 0.6655733029092984 0.4946583350131022 0.6610096976611524 0.4948599072767587 0.6544495151169424 0.4932473291675066 0.6473188819167142 0.49062688973997176 0.6410439247005134 0.4881072364442653 0.6380490587564176 0.48246321306188267 0.6366229321163719 0.48095142108445876 0.6381916714204221 0.4773231203386414 0.6507415858528237 0.4763152590203588 0.6550199657729606 0.47671840354767187 0.6610096976611524 0.47873412618423705 0.6661437535653166 0.48105220721628705 0.6691386195094124 0.4865954444668414 0.6709925841414718 0.4901229590808305 0.6697090701654307 0.49304575690385005 0.6655733029092984
0 0.5194517234428543 0.6815459212778094 0.5206611570247934 0.676126640045636 0.5210643015521065 0.6658585282373075 0.518947792783713 0.6605818596691386 0.5137069139286434 0.6583000570450656 0.5055432372505543 0.6644324015972618 0.5047369481959283 0.6661437535653166 0.5045353759322717 0.6718482601254991 0.5059463817778673 0.6789788933257274 0.5071558153598065 0.6812606959498003 0.5110864745011087 0.6865373645179692 0.5142108445877848 0.6878208784940103 0.5173352146744608 0.6853964632059327 0.5194517234428543 0.6815459212778094
0 0.545252973190889 0.6607244723331431 0.5474702680911107 0.6524529378208785 0.5521064301552107 0.6493154592127781 0.5494859907276759 0.642470051340559 0.5490828462003629 0.6322019395322305 0.5455553315863737 0.6280661722760981 0.5419270308405564 0.6289218482601255 0.5403144527313042 0.632344552196235 0.534468857085265 0.6360524814603536 0.5293287643620238 0.6436109526525956 0.5273130417254586 0.6493154592127781 0.5269098971981455 0.6564460924130062 0.5287240475710542 0.6638619509412436 0.5316468453940738 0.666001140901312 0.5377947994355977 0.6681403308613805 0.5429348921588389 0.6648602395892755 0.545252973190889 0.6607244723331431
0 0.588994154404354 0.6818311466058186 0.5883894376133844 0.6769823160296634 0.5845595646039105 0.6678551055333714 0.5804273331989518 0.6651454649172847 0.5743801652892562 0.6677124928693668 0.5724652287845192 0.6721334854535083 0.5732715178391453 0.6772675413576725 0.5748840959483975 0.6806902452937821 0.5802257609352953 0.6856816885339418 0.5849627091312235 0.6861095265259555 0.5882886514815562 0.683970336565887 0.588994154404354 0.6818311466058186
0 0.6111671034065712 0.7217626925270965 0.6121749647248539 0.7157729606389047 0.6119733924611973 0.7063605248146035 0.6101592420882886 0.7012264689104393 0.6084458778472083 0.6990872789503708 0.6038097157831083 0.6962350256702795 0.6001814150372908 0.6956645750142613 0.5972586172142713 0.698374215630348 0.5960491836323322 0.7017969195664575 0.5950413223140496 0.7092127780946949 0.5950413223140496 0.7169138619509412 0.5960491836323322 0.7217626925270965 0.5980649062688974 0.7257558471192241 0.6007861318282605 0.7296063890473474 0.6043136464422495 0.732030804335425 0.60834509171538 0.7291785510553337 0.6111671034065712 0.7217626925270965
0 0.6589397298931667 0.6992298916143753 0.6579318685748841 0.6932401597261837 0.6542027816972384 0.6868225898459783 0.6509776254787342 0.6836851112378779 0.6467446079419472 0.6833998859098688 0.6402942955049385 0.6879634911580148 0.6365652086272929 0.6935253850541928 0.6351542027816972 0.6995151169423844 0.6353557750453538 0.7052196235025671 0.6374722838137472 0.708499714774672 0.6461398911509776 0.7162007986309185 0.6512799838742189 0.7166286366229321 0.6581334408385406 0.7046491728465488 0.6589397298931667 0.6992298916143753
0 0.6736545051400927 0.7517113519680547 0.6762749445676275 0.7425841414717627 0.6764765168312841 0.734312606959498 0.6745615803265471 0.7298916143753565 0.6634751058254384 0.7224757558471192 0.6588389437613384 0.7224757558471192 0.6557145736746623 0.7268967484312607 0.6549082846200363 0.7308899030233885 0.6549082846200363 0.7337421563034797 0.6581334408385406 0.7385909868796349 0.6539004233017537 0.7437250427837993 0.6532957065107842 0.7491443240159726 0.6570247933884298 0.7549914432401598 0.6635758919572666 0.7571306332002282 0.6711348518443863 0.7549914432401598 0.6736545051400927 0.7517113519680547
0 0.6879661358597057 0.6413291500285225 0.6889739971779884 0.6384768967484312 0.6897802862326143 0.6276383342840844 0.6889739971779884 0.6236451796919567 0.6876637774642209 0.6217912150598973 0.6828260431364644 0.6195094124358242 0.6783914533360209 0.6203650884198517 0.6747631525902036 0.6226468910439247 0.6708324934489014 0.6284940102681118 0.6694214876033058 0.6327723901882487 0.6704293489215883 0.6364803194523674 0.6747631525902036 0.6431831146605819 0.6773835920177383 0.6443240159726183 0.681515823422697 0.6441814033086138 0.6864543438822818 0.643468339988591 0.6879661358597057 0.6413291500285225
0 0.6718403547671841 0.6028237307472903 0.6722434992944971 0.5979749001711352 0.6708324934489014 0.5877067883628067 0.6669018343075993 0.5838562464346834 0.6588389437613384 0.5844266970907016 0.6551098568836928 0.588562464346834 0.6549082846200363 0.5948374215630348 0.6565208627292884 0.6025385054192812 0.6587381576295102 0.6076725613234455 0.6612578109252167 0.6103822019395322 0.666801048175771 0.611095265259555 0.6702277766579319 0.6079577866514546 0.6718403547671841 0.6028237307472903
0 0.7139689578713969 0.4730462065031375 0.7127595242894578 0.4650598973188819 0.7086272928844991 0.45864232743867656 0.7064099979842774 0.4569309754706218 0.6969361015924209 0.4555048488305762 0.6944164482967143 0.45792926411865376 0.6942148760330579 0.4807472903593839 0.6956258818786535 0.48645179691956647 0.6982463213061882 0.48816314888762125 0.7098367264664383 0.4863091842555619 0.7139689578713969 0.4730462065031375
0 0.7020761943156621 0.39061608670849973 0.7026809111066318 0.38861950941243584 0.7020761943156621 0.3829150028522533 0.6935093731102601 0.3687963491158015 0.6824228986091514 0.3670849971477467 0.6786938117315058 0.37207644038790644 0.6790969562588188 0.3774957216200799 0.6819189679500101 0.3820593268682259 0.6843378351138883 0.39004563605248144 0.6866559161459383 0.3941814033086138 0.6902842168917557 0.3964632059326868 0.6944164482967143 0.39632059326868224 0.6991533964926426 0.3944666286366229 0.7020761943156621 0.39061608670849973
0 0.7193106228582947 0.3217341699942955 0.7224349929449708 0.31588705077010837 0.7226365652086273 0.31018254420992586 0.719814553517436 0.3007701083856246 0.7156823221124773 0.2957786651454649 0.7118524491030034 0.29406731317741014 0.7058052811933078 0.293782087849401 0.7003628300745818 0.29634911580148315 0.6978431767788752 0.29991443240159726 0.6980447490425318 0.3047632629777524 0.7020761943156621 0.3187393040501997 0.7054021366659947 0.32230462065031373 0.714775246926023 0.32415858528237307 0.7176980447490425 0.32344552196235027 0.7193106228582947 0.3217341699942955
0 0.6118726063293691 0.4877353108956075 0.6119733924611973 0.48958927552766685 0.6125781092521669 0.48844837421563037 0.6118726063293691 0.4877353108956075
0 0.6357589195726668 0.4188533941814033 0.6365652086272929 0.416001140901312 0.6345494859907277 0.41086708499714775 0.6322314049586777 0.40844266970907017 0.6271920983672646 0.40616086708499716 0.6233622253577907 0.40616086708499716 0.6190284216891756 0.4105818596691386 0.6196331384801451 0.41828294352538503 0.6209433581939126 0.4224187107815174 0.628099173553719 0.42655447803764973 0.6314251159040516 0.4249857387335995 0.6357589195726668 0.4188533941814033
0 0.5964523281596452 0.4396748431260696 0.5962507558959887 0.42712492869366797 0.5900020157226366 0.4165715915573303 0.5898004434589801 0.41086708499714775 0.5882886514815562 0.40844266970907017 0.5840556339447692 0.40758699372504276 0.5810320499899214 0.4087278950370793 0.5736746623664584 0.41742726754135767 0.5724652287845192 0.4222760981175128 0.575488812739367 0.4285510553337136 0.5771013908486192 0.43482601254991443 0.5804273331989518 0.44038790644609244 0.5840556339447692 0.44266970907016545 0.5900020157226366 0.44281232173417 0.5941342471275952 0.44181403308613804 0.5964523281596452 0.4396748431260696
0 0.6219512195121951 0.5108385624643468 0.6250755895988712 0.5061323445521962 0.6270913122354363 0.49985738733599544 0.6266881677081234 0.49187107815173986 0.6246724450715582 0.48730747290359383 0.6215480749848821 0.484312606959498 0.6084458778472083 0.47718197375926985 0.606430155210643 0.47746719908727897 0.6045152187059061 0.4807472903593839 0.6035073573876235 0.48816314888762125 0.6051199354968756 0.5001426126640046 0.6077403749244104 0.5069880205362236 0.6104616004837734 0.511123787792356 0.6162064099979843 0.5135482030804336 0.6193307800846604 0.5128351397604107 0.6219512195121951 0.5108385624643468
0 0.6074380165289256 0.5998288648031945 0.6109655311429147 0.5942669709070165 0.6119733924611973 0.590844266970907 0.61298125377948 0.5837136337706789 0.6127796815158234 0.5762977752424415 0.611066317274743 0.5715915573302909 0.6078411610562386 0.569594980034227 0.5963515420278169 0.569594980034227 0.5920177383592018 0.5745864232743868 0.5908083047772626 0.5791500285225328 0.5906067325136062 0.5879920136908158 0.5920177383592018 0.5934112949229892 0.59675468655513 0.6006845407872219 0.5997782705099778 0.6023958927552767 0.6016932070147147 0.6022532800912721 0.6040112880467647 0.6021106674272675 0.6074380165289256 0.5998288648031945
0 0.594033460995767 0.5646035367940673 0.5972586172142713 0.5497718197375927 0.5968554726869583 0.5437820878494011 0.5884902237452126 0.5328009127210497 0.5844587784720823 0.5330861380490588 0.5804273331989518 0.5370792926411866 0.5742793791574279 0.5383628066172276 0.5764966740576497 0.5494865944095836 0.5744809514210845 0.5597547062179121 0.5748840959483975 0.5620365088419852 0.5802257609352953 0.5704506560182544 0.5863737149768192 0.5714489446662864 0.5909090909090909 0.5698802053622362 0.594033460995767 0.5646035367940673
0 0.5530135053416649 0.5938391329150029 0.5547268695827454 0.5879920136908158 0.5551300141100585 0.5814318311466058 0.5545252973190888 0.5780091272104962 0.5491836323321911 0.5704506560182544 0.5451521870590607 0.5710211066742726 0.539105019149365 0.5741585852823731 0.5366861519854867 0.5758699372504278 0.5351743600080628 0.5791500285225328 0.5351743600080628 0.583998859098688 0.5379963716992542 0.5899885909868796 0.5413223140495868 0.5946948088990303 0.5454545454545454 0.5965487735310896 0.5489820600685346 0.5961209355390759 0.5530135053416649 0.5938391329150029
0 0.5383995162265672 0.5674557900741586 0.5396089498085064 0.5606103822019395 0.5370892965127998 0.5556189389617798 0.5334609957669825 0.5524814603536794 0.5288248337028825 0.5513405590416429 0.5211650876839347 0.5527666856816885 0.5194517234428543 0.5554763262977752 0.5192501511791977 0.5606103822019395 0.521669018343076 0.5680262407301768 0.5255996774843782 0.5735881346263548 0.5301350534166499 0.5743011979463777 0.532856278976013 0.5733029092983457 0.5383995162265672 0.5674557900741586
0 0.5140092723241282 0.5691671420422133 0.5160249949606934 0.5608956075299487 0.5156218504333804 0.5551911009697661 0.5138077000604717 0.5497718197375927 0.5110864745011087 0.5459212778094695 0.5098770409191695 0.5447803764974329 0.5060471679096956 0.5444951511694238 0.501914936504737 0.5523388476896749 0.49909292481354567 0.5554763262977752 0.5005039306591413 0.5603251568739304 0.5031243700866761 0.5634626354820308 0.5053416649868978 0.5708784940102681 0.5060471679096956 0.5718767826583001 0.5101793993146543 0.5723046206503137 0.5124974803467043 0.5715915573302909 0.5140092723241282 0.5691671420422133
0 0.49576698246321305 0.5365088419851682 0.49808506349526305 0.5332287507130633 0.5005039306591413 0.5272390188248717 0.5 0.5211066742726754 0.4983874218907478 0.5196805476326298 0.4940536182221326 0.5195379349686252 0.49344890143116305 0.510125499144324 0.4923402539810522 0.5074158585282373 0.48971981455351743 0.50656018254421 0.48085063495263053 0.5105533371363377 0.47349324732916753 0.5164004563605248 0.47268695827454144 0.5218197375926983 0.48004434589800443 0.5330861380490588 0.48609151380770005 0.5385054192812322 0.4908284620036283 0.539218482601255 0.49375125982664786 0.5385054192812322 0.49576698246321305 0.5365088419851682
0 0.530538197943963 0.49386765544780376 0.5319492037895586 0.48388476896748434 0.531344486998589 0.48017683970336567 0.5300342672848216 0.47860810039931545 0.5253981052207216 0.4791785510553337 0.5177383592017738 0.4768967484312607 0.5139084861922999 0.47832287507130633 0.5109856883692804 0.4830290929834569 0.5109856883692804 0.4887335995436395 0.5153194920378956 0.49743297204791787 0.5177383592017738 0.49942954934398176 0.522072162870389 0.49985738733599544 0.5258012497480347 0.49857387335995434 0.530538197943963 0.49386765544780376
0 0.5617818988107236 0.4662007986309184 0.5621850433380366 0.460781517398745 0.5608748236242693 0.45864232743867656 0.558455956460391 0.4577866514546492 0.5568433783511388 0.4549343981745579 0.5485789155412215 0.4517969195664575 0.5451521870590607 0.45265259555048487 0.5421286031042128 0.4549343981745579 0.5406168111267889 0.45735881346263546 0.5400120943358194 0.46106674272675413 0.5420278169723846 0.4662007986309184 0.5404152388631325 0.4773245864232744 0.5451521870590607 0.48088990302338847 0.5492844184640193 0.481032515687393 0.558052811933078 0.46833998859098686 0.5617818988107236 0.4662007986309184
0 0.49989921386817177 0.42113519680547634 0.4970772021769804 0.4071591557330291 0.4864946583350131 0.3981745579007416 0.48468050796210443 0.3993154592127781 0.482967143721024 0.4074443810610382 0.48095142108445876 0.41086708499714775 0.48095142108445876 0.41628636622932114 0.4862930860713566 0.41756988020536223 0.4913323926627696 0.4255561893896178 0.4939528320903044 0.4278379920136908 0.4984882080225761 0.4279806046776954 0.4994960693408587 0.42683970336565885 0.49989921386817177 0.42113519680547634
0 0.4702680911106632 0.40658870507701084 0.47107438016528924 0.3883342840844267 0.4706712356379762 0.3854820308043354 0.46956258818786534 0.38391329150028525 0.4625075589598871 0.3782087849401027 0.4588792582140697 0.37963491158014834 0.45474702680911105 0.38491158014831717 0.45333602096351544 0.38890473474044496 0.45273130417254587 0.39831717056474614 0.4549485990727676 0.4051625784369652 0.45867768595041325 0.41015402167712495 0.46442249546462405 0.411437535653166 0.4679500100786132 0.41043924700513407 0.4702680911106632 0.40658870507701084
0 0.5857689981858496 0.3552481460353679 0.5857689981858496 0.3495436394751854 0.5836524894174562 0.34312606959498004 0.5808304777262648 0.34141471762692527 0.5721628703890345 0.3405590416428979 0.5689377141705302 0.3419851682829435 0.5668212054021367 0.34469480889903026 0.565410199556541 0.34982886480319453 0.5693408586978431 0.35710211066742725 0.5735738762346301 0.3608100399315459 0.5807296915944367 0.3615231032515687 0.5840556339447692 0.3596691386195094 0.5857689981858496 0.3552481460353679
0 0.5406168111267889 0.32929264118653734 0.5432372505543237 0.32187678265830005 0.5434388228179803 0.3161722760981175 0.5409191695222737 0.31089560752994866 0.5334609957669825 0.31089560752994866 0.5296311227575086 0.3091842555618939 0.5262043942753477 0.31460353679406733 0.5214674460794194 0.3193097547062179 0.5206611570247934 0.3221620079863092 0.5258012497480347 0.33086138049058755 0.5296311227575086 0.3334284084426697 0.5335617818988108 0.33442669709070166 0.5372908687764564 0.33314318311466057 0.5406168111267889 0.32929264118653734
0 0.4553517436000806 0.528094694808899 0.4551501713364241 0.512407301768397 0.45101793993146544 0.5077010838562465 0.44658335013102196 0.5082715345122647 0.4431566216488611 0.5102681118083285 0.4410401128804676 0.5141186537364518 0.43922596250755896 0.5212492869366799 0.4402338238258416 0.5269537934968626 0.4424511187260633 0.5309469480889903 0.4447691997581133 0.533656588705077 0.4474904253174763 0.5343696520250998 0.4528320903043741 0.5325156873930404 0.4553517436000806 0.528094694808899
0 0.45091715379963715 0.5064175698802054 0.4515218705906067 0.49472333143183117 0.4505140092723241 0.4867370222475756 0.44728885305381977 0.47818026240730177 0.4431566216488611 0.4757558471192242 0.44124168514412415 0.4773245864232744 0.43902439024390244 0.4827438676554478 0.4372102398709938 0.48958927552766685 0.43680709534368073 0.4972903593839133 0.43902439024390244 0.5069880205362236 0.44366055230800244 0.5104107244723332 0.44940536182221325 0.5082715345122647 0.45091715379963715 0.5064175698802054
0 0.40032251562185045 0.536936679977182 0.40334609957669826 0.5243867655447804 0.4035476718403548 0.5218197375926983 0.4020358798629309 0.5191100969766115 0.3917556944164483 0.5165430690245294 0.38752267687966135 0.5176839703365659 0.3825841564200766 0.5218197375926983 0.38016528925619836 0.5272390188248717 0.3797621447288853 0.5335139760410724 0.3805684337835114 0.5386480319452367 0.3832896593428744 0.5430690245293782 0.3886313243297722 0.5437820878494011 0.3978028623261439 0.5396463205932687 0.40032251562185045 0.536936679977182
0 0.4184640193509373 0.5936965202509983 0.420278169723846 0.5822875071306332 0.4194718806692199 0.5791500285225328 0.4157427937915743 0.5735881346263548 0.4119129207821004 0.5735881346263548 0.40556339447691997 0.5828579577866515 0.40455553315863735 0.588562464346834 0.4062688973997178 0.5944095835710211 0.41150977625478735 0.5981175128351398 0.4140294295504939 0.5979749001711352 0.4157427937915743 0.5978322875071307 0.4184640193509373 0.5936965202509983
0 0.4671437210239871 0.5966913861950941 0.46986494658335015 0.5936965202509983 0.47127595242894577 0.5879920136908158 0.4708728079016327 0.5862806617227609 0.46855472686958277 0.5838562464346834 0.4623059866962306 0.5810039931545922 0.4580729691594437 0.5775812892184826 0.45605724652287843 0.57843696520251 0.4549485990727676 0.5805761551625784 0.45353759322717196 0.5939817455790074 0.45545252973190886 0.598687963491158 0.45918161660955453 0.599971477467199 0.46210441443257405 0.5995436394751854 0.4671437210239871 0.5966913861950941
0 0.41362628502318083 0.4687678265830006 0.4140294295504939 0.4650598973188819 0.41231606530941345 0.46063890473474045 0.4080830477726265 0.4577866514546492 0.40405160249949607 0.45664575014261266 0.39750050393065917 0.46135196805476325 0.39568635355775045 0.4647746719908728 0.3944769199758113 0.47190530519110097 0.39619028421689173 0.4754706217912151 0.39860915138077 0.4768967484312607 0.40455553315863735 0.4773245864232744 0.4113082039911308 0.4734740444951512 0.41362628502318083 0.4687678265830006
0 0.39064704696633745 0.42741015402167715 0.3902439024390244 0.4222760981175128 0.38762346301148964 0.41086708499714775 0.38147550896996574 0.40616086708499716 0.3764362023785527 0.40416428978893326 0.37260632936907884 0.40416428978893326 0.36897802862326146 0.40587564175698804 0.3670630921185245 0.4105818596691386 0.3670630921185245 0.4157159155733029 0.3698851038097158 0.42712492869366797 0.37260632936907884 0.4309754706217912 0.3754283410602701 0.432686822589846 0.38157629510179397 0.4333998859098688 0.3877242491433179 0.4315459212778095 0.39064704696633745 0.42741015402167715
0 0.4043539608949808 0.335282373074729 0.4051602499496069 0.33328579577866513 0.4043539608949808 0.32843696520251 0.39649264261237654 0.3184540787221905 0.39215883894376136 0.30889903023388476 0.38832896593428745 0.30889903023388476 0.386212457165894 0.31645750142612666 0.3878250352751461 0.3270108385624643 0.38701874622052007 0.33442669709070166 0.38802660753880264 0.3372789503707929 0.39054626083450916 0.3397033656588705 0.39649264261237654 0.3409868796349116 0.40163273533561783 0.338562464346834 0.4043539608949808 0.335282373074729
0 0.4549485990727676 0.3041928123217342 0.4551501713364241 0.29535082715345123 0.45323523483168715 0.29064460924130064 0.4514210844587785 0.28978893325727323 0.4429550493852046 0.29007415858528235 0.43771417053013506 0.2932116371933828 0.4335819391251764 0.29791785510553337 0.43156621648861115 0.30504848830576153 0.4319693610159242 0.31018254420992586 0.43469058657528725 0.31488876212207645 0.43761338439830677 0.315031374786081 0.4467849223946785 0.31089560752994866 0.4549485990727676 0.3041928123217342
0 0.5005039306591413 0.27766685681688535 0.5001007861318283 0.2765259555048488 0.4941544043539609 0.2669709070165431 0.4864946583350131 0.2632629777524244 0.4843781495666196 0.2665430690245294 0.48256399919371096 0.2719623502567028 0.48377343277565005 0.27766685681688535 0.4895182422898609 0.2852253280091272 0.4954646240677283 0.28707929264118653 0.49828663575891957 0.28593839132915005 0.5005039306591413 0.27766685681688535
0 0.5422293892360411 0.3255847119224187 0.5432372505543237 0.3221620079863092 0.5434388228179803 0.3161722760981175 0.5411207417859303 0.31089560752994866 0.5330578512396694 0.31061038220193954 0.5296311227575086 0.3091842555618939 0.5210643015521065 0.3201654306902453 0.5208627292884499 0.3224472333143183 0.5258012497480347 0.33086138049058755 0.5288248337028825 0.33314318311466057 0.5335617818988108 0.33442669709070166 0.5385003023583955 0.3320022818026241 0.5422293892360411 0.3255847119224187
0 0.5517032856278976 0.27909298345693095 0.5555331586373715 0.2719623502567028 0.556137875428341 0.2682544209925841 0.555734730901028 0.26283513976041073 0.5505946381777868 0.2547062179121506 0.5413223140495868 0.2507130633200228 0.5378955855674259 0.2512835139760411 0.5323523483168716 0.26083856246434683 0.532150776053215 0.2665430690245294 0.5375932271719411 0.2722475755847119 0.5392058052811933 0.27766685681688535 0.5428341060270107 0.2825156873930405 0.5444466841362628 0.28736451796919565 0.5451521870590607 0.28836280661722763 0.5472686958274542 0.28822019395322307 0.5492844184640193 0.2876497432972048 0.5517032856278976 0.27909298345693095
0 0.5704495061479541 0.265687393040502 0.5726668010481758 0.25570450656018257 0.575488812739367 0.24971477467199088 0.5753880266075388 0.2441528807758129 0.5653094134247127 0.23958927552766685 0.5616811126788954 0.24073017683970335 0.5588591009877041 0.24386765544780376 0.5567425922193107 0.24714774671990872 0.5537190082644629 0.25513405590416427 0.5547268695827454 0.2605533371363377 0.558455956460391 0.26611523103251566 0.5648054827655714 0.2682544209925841 0.5681314251159041 0.2675413576725613 0.5704495061479541 0.265687393040502