4 0.2850231808103205 0.32986309184255563 0.28724047571054223 0.3170279520821449 0.2863334005240879 0.31061038220193954 0.28210038298730095 0.31089560752994866 0.2758516428139488 0.3163148887621221 0.27313041725458576 0.3207358813462636 0.2713162668816771 0.3272960638904735 0.2715178391453336 0.3327153451226469 0.272828058859101 0.3342840844266971 0.275146139891151 0.3347119224187108 0.2818988107236444 0.33314318311466057 0.2850231808103205 0.32986309184255563
4 0.23241281999596855 0.5246719908727895 0.23160653094134248 0.5198231602966343 0.2274742995363838 0.5191100969766115 0.22596250755895989 0.5218197375926983 0.2261640798226164 0.5272390188248717 0.23120338641402943 0.5275242441528808 0.23221124773231203 0.5272390188248717 0.23241281999596855 0.5246719908727895
4 0.2572062084257206 0.5272390188248717 0.2548881273936706 0.5202509982886481 0.2524692602297924 0.5208214489446663 0.24914331787945979 0.5255276668568168 0.24954646240677283 0.5318026240730177 0.2504535375932272 0.5330861380490588 0.25599677484378147 0.5335139760410724 0.25760935295303367 0.5326583000570451 0.2572062084257206 0.5272390188248717
4 0.2501511791977424 0.5181118083285796 0.2519653295706511 0.505561893896178 0.2510582543841967 0.4997147746719909 0.2470268091110663 0.5005704506560182 0.24309614996976417 0.505561893896178 0.23987099375125984 0.5164004563605248 0.24087885506954243 0.5203936109526526 0.2434992944970772 0.5221049629207074 0.248840959483975 0.5196805476326298 0.2501511791977424 0.5181118083285796
4 0.2376536988510381 0.6159440958357102 0.23886313243297722 0.6113804905875642 0.23886313243297722 0.6051055333713634 0.2353356178189881 0.5972618368511123 0.2313041725458577 0.596406160867085 0.22817980245918162 0.5994010268111808 0.22596250755895989 0.6073873359954364 0.22555936303164684 0.6125213918996006 0.22686958274541424 0.616657159155733 0.23110260028220117 0.6195094124358242 0.23301753678693812 0.6193667997718197 0.23553719008264462 0.6186537364517969 0.2376536988510381 0.6159440958357102
4 0.29328764362023785 0.5018539646320593 0.2941947188066922 0.4937250427837992 0.2954041523886313 0.49629207073588133 0.296815158234227 0.49714774671990875 0.30215682322112475 0.49614945807187677 0.3035678290667204 0.48844837421563037 0.30145132029832694 0.48260125499144324 0.29862930860713566 0.4811751283513976 0.2958072969159444 0.4817455790074159 0.2938923604112074 0.4830290929834569 0.29348921588389437 0.48616657159155735 0.292178996170127 0.4877353108956075 0.28230195525095747 0.4883057615516258 0.2765571457367466 0.49358243011979464 0.280185446482564 0.49814603536794066 0.2827050997782705 0.5037079292641187 0.28824833702882485 0.5047062179121506 0.29117113485184437 0.5042783799201369 0.29328764362023785 0.5018539646320593
4 0.29036484579721833 0.6197946377638335 0.2863334005240879 0.6195094124358242 0.2840153194920379 0.6216486023958927 0.2865349727877444 0.6240730176839704 0.29026405966539004 0.624500855675984 0.2922797823019552 0.6216486023958927 0.29036484579721833 0.6197946377638335
4 0.33360209635154203 0.6284940102681118 0.3342068131425116 0.6259269823160296 0.33380366861519856 0.6170849971477467 0.32946986494658337 0.6106674272675413 0.32563999193710946 0.6103822019395322 0.32251562185043336 0.6156588705077011 0.32110461600483775 0.6210781517398745 0.32231404958677684 0.6293496862521392 0.3244305583551703 0.6326297775242442 0.32634549485990727 0.6330576155162578 0.33209030437411813 0.6303479749001711 0.33360209635154203 0.6284940102681118
4 0.29328764362023785 0.6216486023958927 0.29792380568433785 0.6105248146035368 0.2985285224753074 0.6059612093553908 0.2980245918161661 0.6043924700513406 0.2869381173150575 0.6078151739874501 0.2824027413827857 0.6142327438676555 0.2817980245918162 0.6162293211637193 0.28280588591009875 0.6219338277239019 0.28431767788752266 0.6246434683399886 0.28663575891957266 0.6262122076440388 0.29036484579721833 0.625499144324016 0.29328764362023785 0.6216486023958927
4 0.3178794597863334 0.5780091272104962 0.3137472283813747 0.573873359954364 0.3093126385809313 0.5730176839703366 0.3058859100987704 0.5744438106103822 0.3035678290667204 0.5771534512264689 0.30326547067123566 0.583000570450656 0.313848014513203 0.5857102110667427 0.3178794597863334 0.5831431831146606 0.3178794597863334 0.5780091272104962
4 0.3073977020761943 0.6998003422703936 0.3058859100987704 0.69281232173417 0.30165289256198347 0.690530519110097 0.2936907881475509 0.6938106103822019 0.29328764362023785 0.6992298916143753 0.2943962910703487 0.7022247575584712 0.2980245918161661 0.7050770108385624 0.3025599677484378 0.7052196235025671 0.3058859100987704 0.7047917855105533 0.3073977020761943 0.6998003422703936
4 0.37411812134650274 0.7437250427837993 0.3757306994557549 0.738876212207644 0.37552912719209836 0.7326012549914432 0.372303970973594 0.725470621791215 0.3685748840959484 0.721905305191101 0.36595444466841365 0.7164860239589276 0.3586978431767789 0.7142042213348545 0.3528522475307398 0.7150598973188819 0.3519451723442854 0.7160581859669138 0.35154202781697236 0.7189104392470052 0.35154202781697236 0.7268967484312607 0.3530538197943963 0.7278950370792926 0.35748840959483974 0.7276098117512835 0.35900020157226364 0.7297490017113519 0.35920177383592017 0.7326012549914432 0.35678290667204193 0.7351682829435254 0.3557750453537593 0.7380205362236166 0.35698447893569846 0.74343981745579 0.3609151380770006 0.7495721620079863 0.3654505140092723 0.7497147746719909 0.37038903446885707 0.7478608100399315 0.37411812134650274 0.7437250427837993
4 0.2850231808103205 0.7673987450085568 0.28663575891957266 0.7608385624643468 0.28462003628300747 0.7548488305761551 0.282503527514614 0.7527096406160867 0.27847208224148357 0.7529948659440958 0.2766579318685749 0.7547062179121506 0.2725257004636162 0.7639760410724472 0.27232412819995966 0.7665430690245294 0.27393670630921185 0.7705362236166572 0.27857286837331185 0.7736737022247575 0.2830074581737553 0.7711066742726754 0.2850231808103205 0.7673987450085568
4 0.3102197137673856 0.7845122646891044 0.3110260028220117 0.7759555048488306 0.3100181415037291 0.7705362236166572 0.3058859100987704 0.7629777524244152 0.29782301955250956 0.7547062179121506 0.294497077202177 0.7582715345122647 0.2916750655109857 0.7654021677124929 0.29348921588389437 0.7736737022247575 0.29409393267486394 0.7828009127210497 0.2980245918161661 0.7855105533371364 0.3063898407579117 0.7867940673131774 0.3093126385809313 0.7860810039931546 0.3102197137673856 0.7845122646891044
4 0.30094738963918566 0.36409013120365086 0.30175367869381176 0.36066742726754136 0.3000403144527313 0.35795778665145467 0.2982261640798226 0.35681688533941813 0.2941947188066922 0.35681688533941813 0.28804676476516833 0.3609526525955505 0.28895383995162266 0.3665145464917285 0.2957065107841161 0.36865373645179694 0.2980245918161661 0.3685111237877924 0.30094738963918566 0.36409013120365086
4 0.3146543035678291 0.4063034797490017 0.3140495867768595 0.3880490587564176 0.3125377947994356 0.38562464346833997 0.30991735537190085 0.38391329150028525 0.3069945575488813 0.3883342840844267 0.30578512396694213 0.3937535653166001 0.30598669623059865 0.4051625784369652 0.3097157831082443 0.41015402167712495 0.3132432977222334 0.4100114090131204 0.3140495867768595 0.4094409583571021 0.3146543035678291 0.4063034797490017
4 0.32392662769602903 0.3492584141471763 0.32231404958677684 0.3452652595550485 0.32100382987300946 0.34455219623502564 0.3175771013908486 0.34540787221905306 0.3139488006450312 0.3482601254991443 0.31284015319492037 0.34982886480319453 0.31263858093126384 0.3535367940673132 0.3116307196129813 0.3555333713633771 0.31344486998588994 0.36066742726754136 0.3133440838540617 0.3667997718197376 0.3217093327958073 0.3675128351397604 0.323523483168716 0.3572447233314318 0.32392662769602903 0.3492584141471763
4 0.28724047571054223 0.41486023958927554 0.2884499092924814 0.40687393040501996 0.28643418665591613 0.3988876212207644 0.28310824430558357 0.3953223046206503 0.2698044749042532 0.39788933257273246 0.2646643821810119 0.4051625784369652 0.26405966539004233 0.41086708499714775 0.2667808909494054 0.41386195094124356 0.27040919169522276 0.4152880775812892 0.2748437814956662 0.4150028522532801 0.27827050997782704 0.41785510553337135 0.2830074581737553 0.4177124928693668 0.2861318282604314 0.41642897889332575 0.28724047571054223 0.41486023958927554
4 0.27323120338641405 0.3847689674843126 0.27625478734126185 0.3822019395322305 0.27907679903245314 0.38191671420422135 0.2806893771417053 0.38305761551625783 0.282503527514614 0.387906446092413 0.2863334005240879 0.387906446092413 0.28814755089699656 0.3844837421563035 0.2900624874017335 0.3829150028522533 0.29026405966539004 0.3774957216200799 0.28431767788752266 0.3730747290359384 0.27544849828663576 0.37136337706788364 0.27081233622253575 0.3659440958357102 0.26657931868574886 0.3662293211637193 0.26405966539004233 0.3706503137478608 0.2628502318081032 0.375499144324016 0.25891957266680105 0.37792355961209356 0.2563999193710945 0.3829150028522533 0.2563999193710945 0.38890473474044496 0.2575085668212054 0.3907586993725043 0.26274944567627495 0.3950370792926412 0.265470671235638 0.39489446662863664 0.2667808909494054 0.3947518539646321 0.27323120338641405 0.3847689674843126
4 0.34347913727071155 0.43539646320593267 0.34196734529328765 0.4329720479178551 0.33511388832896594 0.43240159726183686 0.33128401531949203 0.4338277239018825 0.3293690788147551 0.4362521391899601 0.32896593428744203 0.4385339418140331 0.3302761540012094 0.439532230462065 0.34166498689780284 0.44309754706217913 0.3438822817980246 0.4385339418140331 0.34347913727071155 0.43539646320593267
4 0.6783914533360209 0.6916714204221335 0.6766780890949405 0.6949515116942384 0.676073372303971 0.7000855675984028 0.6786938117315058 0.7043639475185397 0.6825236847409797 0.6992298916143753 0.6783914533360209 0.6916714204221335
4 0.6739568635355775 0.5881346263548203 0.6667002620439427 0.58499714774672 0.6641806087482363 0.5882772390188249 0.6647853255392058 0.5934112949229892 0.6706309211852449 0.6073873359954364 0.6746623664583753 0.6088134626354821 0.6766780890949405 0.5936965202509983 0.6739568635355775 0.5881346263548203
4 0.6956258818786535 0.6438961779806047 0.6942148760330579 0.6367655447803765 0.6906873614190687 0.6320593268682259 0.6848417657730296 0.6332002281802624 0.6828260431364644 0.634626354820308 0.6807095343680709 0.6381916714204221 0.6805079621044144 0.6436109526525956 0.6821205402136666 0.6496006845407872 0.6846401935093731 0.6511694238448374 0.6875629913323926 0.651312036508842 0.6929046563192904 0.6488876212207644 0.6956258818786535 0.6438961779806047
4 0.7114493045756903 0.6409013120365088 0.7164886111671034 0.6360524814603536 0.7255593630316468 0.6309184255561894 0.7291876637774642 0.6274957216200798 0.7361419068736141 0.6167997718197376 0.7354364039508163 0.6140901312036509 0.729893166700262 0.611095265259555 0.7293892360411207 0.6012549914432401 0.7272727272727273 0.6039646320593268 0.7255593630316468 0.6092413006274957 0.7216287038903447 0.6048203080433543 0.7210239870993751 0.6173702224757558 0.7187059060673251 0.62093553907587 0.7140697440032252 0.6243582430119795 0.7119532352348317 0.6273531089560753 0.7109453739165491 0.6341985168282943 0.7087280790163274 0.6381916714204221 0.7083249344890143 0.6413291500285225 0.7057044950614796 0.6433257273245864 0.7063092118524491 0.6453223046206503 0.7098367264664383 0.6443240159726183 0.7114493045756903 0.6409013120365088
4 0.7204192703084056 0.67156303479749 0.7215279177585164 0.670564746149458 0.7257609352953034 0.670564746149458 0.7284821608546664 0.6664289788933258 0.7302963112275751 0.660439247005134 0.729490022172949 0.6561608670849971 0.7274742995363838 0.6518824871648602 0.7247530739770207 0.6483171705647461 0.722132634549486 0.6468910439247005 0.7150776053215078 0.6488876212207644 0.7138681717395686 0.6537364517969195 0.7098367264664383 0.6537364517969195 0.7060068534569643 0.65687393040502 0.7024793388429752 0.6610096976611524 0.700866760733723 0.6658585282373075 0.7043942753477122 0.6677124928693668 0.7062084257206208 0.6722760981175129 0.7136665994759122 0.677124928693668 0.7184035476718403 0.6786936679977182 0.7212255593630317 0.6769823160296634 0.7204192703084056 0.67156303479749
4 0.8379359000201573 0.6932401597261837 0.8371296109655312 0.6909583571021106 0.8354162467244507 0.6893896177980605 0.8332997379560573 0.6938106103822019 0.835517032856279 0.6978037649743297 0.8371296109655312 0.6963776383342841 0.8379359000201573 0.6932401597261837
4 0.7851239669421488 0.696092413006275 0.7783712961096553 0.6959498003422704 0.7760532150776053 0.6881061038220194 0.7799838742189075 0.685966913861951 0.7840153194920378 0.6853964632059327 0.7849223946784922 0.682686822589846 0.7777665793186858 0.6802624073017683 0.7727272727272727 0.6814033086138049 0.7718201975408184 0.6855390758699372 0.772424914331788 0.6949515116942384 0.7757508566821205 0.6962350256702795 0.7773634347913727 0.6993725042783799 0.78330981656924 0.7000855675984028 0.7857286837331183 0.6992298916143753 0.7851239669421488 0.696092413006275
4 0.8216085466639791 0.6883913291500285 0.8240274138278573 0.6778379920136908 0.8238258415642008 0.676126640045636 0.8200967546865552 0.6714204221334854 0.8170731707317073 0.6702795208214489 0.8143519451723443 0.67156303479749 0.8135456561177182 0.6764118653736452 0.8143519451723443 0.6883913291500285 0.8157629510179399 0.6935253850541928 0.8163676678089095 0.6935253850541928 0.8196936101592421 0.6922418710781517 0.8216085466639791 0.6883913291500285
4 0.8431767788752268 0.7214774671990872 0.8439830679298529 0.7169138619509412 0.8433783511388833 0.7097832287507131 0.8354162467244507 0.7016543069024529 0.8315863737149768 0.7042213348545351 0.8281596452328159 0.708499714774672 0.826647853255392 0.7112093553907587 0.8258415642007659 0.7152025099828865 0.8274541423100181 0.7220479178551056 0.8311832291876637 0.7267541357672561 0.8322918766377746 0.7268967484312607 0.8404555533158637 0.7247575584711923 0.8431767788752268 0.7214774671990872
4 0.7594235033259423 0.7127780946948089 0.7615400120943359 0.7103536794067313 0.7629510179399315 0.7063605248146035 0.7621447288853054 0.6998003422703936 0.7592219310622859 0.6936679977181974 0.7509574682523684 0.6936679977181974 0.7487401733521467 0.6948088990302339 0.7470268091110663 0.6978037649743297 0.7462205200564402 0.7046491728465488 0.7466236645837533 0.7106389047347405 0.7491433178794598 0.7147746719908727 0.753477121548075 0.7160581859669138 0.7570046361620641 0.7150598973188819 0.7594235033259423 0.7127780946948089
4 0.8132432977222335 0.798060467769538 0.8151582342269704 0.7936394751853965 0.8129409393267486 0.7910724472333143 0.8081032049989921 0.7793782087849401 0.8061882684942552 0.7772390188248717 0.8031646845394074 0.7766685681688534 0.7961096553114292 0.7795208214489446 0.7939931465430357 0.7828009127210497 0.7927837129610965 0.787934968625214 0.7935900020157226 0.7936394751853965 0.8001411005845596 0.8023388476896749 0.8058859100987704 0.8030519110096976 0.8080024188671638 0.802624073017684 0.8132432977222335 0.798060467769538
4 0.822011691191292 0.844124358243012 0.822011691191292 0.8378494010268112 0.8199959685547269 0.8332857957786651 0.8158637371497682 0.829435253850542 0.8132432977222335 0.8288648031945237 0.8055835517032857 0.8322875071306332 0.8038701874622052 0.8347119224187107 0.8030638984075791 0.8378494010268112 0.8052811933078008 0.8501140901312036 0.8080024188671638 0.8528237307472903 0.8124370086676074 0.8533941814033086 0.8160653094134247 0.8573873359954364 0.8197943962910703 0.8578151739874501 0.8214069744003225 0.8541072447233314 0.822011691191292 0.844124358243012
4 0.6536988510380971 0.823873359954364 0.6565208627292884 0.8161722760981175 0.6561177182019754 0.8113234455219623 0.6550090707518645 0.8091842555618939 0.6513807700060472 0.8108956075299487 0.6477524692602298 0.8146035367940673 0.6396895787139689 0.8200228180262408 0.6376738560774038 0.8197375926982317 0.6352549889135255 0.8168853394181403 0.6314251159040516 0.8174557900741586 0.6272928844990929 0.8213063320022818 0.6281999596855473 0.827438676554478 0.6324329772223342 0.8311466058185967 0.6368675670227777 0.8371363377067884 0.6401935093731103 0.8384198516828294 0.6443257407780689 0.8365658870507701 0.6536988510380971 0.823873359954364
4 0.6315259020358799 0.7682544209925841 0.6341463414634146 0.7605533371363377 0.6343479137270711 0.7542783799201369 0.635456561177182 0.7529948659440958 0.6392864341866559 0.7529948659440958 0.6412013706913928 0.7497147746719909 0.6442249546462406 0.7380205362236166 0.6437210239870994 0.7324586423274386 0.6392864341866559 0.7318881916714204 0.635456561177182 0.7327438676554479 0.630014110058456 0.7393040501996577 0.6275952428945777 0.7401597261836851 0.6242693005442451 0.7437250427837993 0.6260834509171538 0.7491443240159726 0.6262850231808104 0.7548488305761551 0.6218504333803668 0.7605533371363377 0.6220520056440234 0.7654021677124929 0.6265873815762951 0.771534512264689 0.6278976012900624 0.7719623502567028 0.6294093932674864 0.771534512264689 0.6315259020358799 0.7682544209925841
4 0.5098770409191695 0.8200228180262408 0.5139084861922999 0.8148887621220764 0.5177383592017738 0.8157444381061039 0.5215682322112477 0.8211637193382773 0.5255996774843782 0.820593268682259 0.5293287643620238 0.8153166001140901 0.5323523483168716 0.8047632629777525 0.5315460592622455 0.8010553337136338 0.5306389840757911 0.7992013690815745 0.5266075388026608 0.7974900171135196 0.5237855271114694 0.7977752424415288 0.5215682322112477 0.7994865944095836 0.5179399314654304 0.7932116371933827 0.510078613182826 0.7909298345693098 0.5048377343277565 0.791500285225328 0.5026204394275348 0.7932116371933827 0.49969764160451524 0.7984883057615516 0.4974803467042935 0.805904164289789 0.49727877444063695 0.8161722760981175 0.49808506349526305 0.8215915573302909 0.5021165087683934 0.8215915573302909 0.5052408788550695 0.8200228180262408 0.5098770409191695 0.8200228180262408
4 0.6897802862326143 0.5323730747290359 0.6887724249143318 0.5226754135767256 0.6862527716186253 0.5208214489446663 0.6835315460592623 0.5266685681688534 0.6835315460592623 0.5326583000570451 0.6871598468050796 0.5349401026811181 0.6890747833098165 0.5342270393610953 0.6897802862326143 0.5323730747290359
4 0.70509977827051 0.5049914432401598 0.7022777665793187 0.49557900741585853 0.6987502519653296 0.49315459212778096 0.6951219512195121 0.4940102681118083 0.6942148760330579 0.4990017113519681 0.6946180205603709 0.5047062179121506 0.69814553517436 0.5102681118083285 0.7024793388429752 0.5121220764403879 0.7036887724249143 0.5104107244723332 0.70509977827051 0.5049914432401598
4 0.6715379963716993 0.5011409013120365 0.6656924007256602 0.5002852253280091 0.6625680306389841 0.5044209925841415 0.6649868978028624 0.5149743297204792 0.6667002620439427 0.5173987450085568 0.6708324934489014 0.5175413576725614 0.6750655109856883 0.5104107244723332 0.6715379963716993 0.5011409013120365
4 0.7218302761540012 0.5158300057045065 0.717899617012699 0.5122646891043925 0.7138681717395686 0.5128351397604107 0.7115500907075186 0.5164004563605248 0.70973594033461 0.521534512264689 0.7105422293892361 0.5272390188248717 0.7176980447490425 0.5308043354249857 0.7216287038903447 0.5306617227609812 0.7224349929449708 0.5278094694808899 0.7218302761540012 0.5158300057045065
4 0.6994557548881274 0.46563034797490016 0.7002620439427535 0.4596406160867085 0.699657327151784 0.45536223616657157 0.69814553517436 0.4532230462065031 0.6945172344285426 0.450656018254421 0.6929046563192904 0.450656018254421 0.6896795001007862 0.4515116942384484 0.6877645635960492 0.45365088419851685 0.6849425519048579 0.4604962920707359 0.6851441241685144 0.4659155733029093 0.6865551300141101 0.4721905305191101 0.6941140899012296 0.4697661152310325 0.6994557548881274 0.46563034797490016
4 0.6839346905865753 0.48844837421563037 0.6833299737956057 0.4830290929834569 0.6817173956863536 0.4784654877353109 0.6785930255996775 0.4757558471192242 0.6745615803265471 0.47632629777524244 0.6696230598669624 0.48331431831146604 0.6678089094940536 0.48816314888762125 0.6715379963716993 0.4968625213918996 0.673352146744608 0.4980034227039361 0.676879661358597 0.49786081003993155 0.6783914533360209 0.497718197375927 0.6839346905865753 0.48844837421563037
4 0.7182019754081839 0.5420707358813462 0.7132634549485991 0.5396463205932687 0.7064099979842774 0.5333713633770679 0.7047974198750252 0.5339418140330862 0.7030840556339447 0.5383628066172276 0.7063092118524491 0.5443525385054193 0.7069139286434186 0.5497718197375927 0.7100382987300947 0.5547632629777525 0.7138681717395686 0.558471192241871 0.7180004031445273 0.5603251568739304 0.7216287038903447 0.5551911009697661 0.7182019754081839 0.5420707358813462
4 0.676879661358597 0.4442384483742156 0.6781898810723644 0.4415288077581289 0.6862527716186253 0.4432401597261837 0.6878653497278775 0.44038790644609244 0.6910905059463818 0.4389617798060468 0.690788147550897 0.4368225898459783 0.6860511993549687 0.4309754706217912 0.6824228986091514 0.4309754706217912 0.6767788752267688 0.432686822589846 0.673755291271921 0.43667997718197377 0.6669018343075993 0.4369652025099829 0.6652892561983471 0.4381061038220194 0.6629711751662971 0.4499429549343982 0.668715984680508 0.46035367940673133 0.671034065712558 0.460781517398745 0.6770812336222536 0.4502281802624073 0.676879661358597 0.4442384483742156
4 0.8162668816770813 0.5721620079863092 0.8118322918766377 0.5687393040501997 0.809614996976416 0.5693097547062179 0.8079016327353357 0.5711637193382773 0.8078008466035074 0.5772960638904735 0.816166095545253 0.5777239018824871 0.8167708123362225 0.5771534512264689 0.8162668816770813 0.5721620079863092
4 0.8189881072364442 0.5443525385054193 0.8181818181818182 0.5377923559612093 0.8150574480951421 0.5328009127210497 0.8080024188671638 0.5279520821448944 0.8041725458576899 0.529092983456931 0.801451320298327 0.5332287507130633 0.8000403144527313 0.5375071306332002 0.801048175771014 0.5417855105533371 0.8065914130215682 0.5496292070735881 0.8116307196129813 0.5527666856816885 0.8157629510179399 0.552624073017684 0.8173755291271921 0.5506274957216201 0.8189881072364442 0.5443525385054193
4 0.7655714573674662 0.622219053051911 0.7659746018947793 0.6116657159155733 0.7686958274541423 0.6106674272675413 0.7694013303769401 0.6071021106674273 0.7719209836726466 0.6032515687393041 0.7771618625277162 0.6032515687393041 0.7792783712961097 0.5982601254991443 0.7798830880870792 0.5914147176269253 0.7794799435597661 0.5754420992584142 0.7786736545051401 0.5717341699942955 0.7725257004636162 0.5627495721620079 0.7707115500907075 0.5630347974900171 0.7698044749042532 0.5654592127780947 0.772424914331788 0.579435253850542 0.7726264865954444 0.5899885909868796 0.7718201975408184 0.5962635482030805 0.7683934690586576 0.6011123787792356 0.7669824632130618 0.6076725613234455 0.763958879258214 0.6105248146035368 0.7627494456762749 0.6150884198516828 0.7633541624672445 0.6273531089560753 0.7649667405764967 0.6302053622361665 0.7671840354767184 0.6276383342840844 0.7655714573674662 0.622219053051911
4 0.8411610562386616 0.5882772390188249 0.8419673452932877 0.5828579577866515 0.8413626285023181 0.5768682258984598 0.8370288248337029 0.5658870507701084 0.8354162467244507 0.5644609241300628 0.8311832291876637 0.5636052481460354 0.8275549284418464 0.5564746149458072 0.8233219109050595 0.5547632629777525 0.8195928240274138 0.5617512835139761 0.8187865349727877 0.570593268682259 0.8173755291271921 0.5717341699942955 0.8251360612779681 0.5741585852823731 0.826647853255392 0.5771534512264689 0.8274541423100181 0.5845693097547062 0.8290667204192703 0.5891329150028523 0.8313848014513203 0.5932686822589845 0.835517032856279 0.5936965202509983 0.8392461197339246 0.5909868796349116 0.8411610562386616 0.5882772390188249
4 0.8118322918766377 0.4087278950370793 0.8080024188671638 0.4090131203650884 0.807296915944366 0.4100114090131204 0.8075992743398508 0.4110096976611523 0.8121346502721225 0.411437535653166 0.8129409393267486 0.4102966343411295 0.8118322918766377 0.4087278950370793
4 0.8492239467849224 0.34469480889903026 0.8512396694214877 0.34070165430690247 0.8514412416851441 0.33841985168282945 0.8487200161257811 0.3365658870507701 0.8469058657528724 0.33371363377067886 0.843277565007055 0.33314318311466057 0.8421689175569441 0.33784940102681116 0.8391453336020963 0.34184255561893895 0.8385406168111268 0.3452652595550485 0.8394476919975812 0.34711922418710783 0.843277565007055 0.34711922418710783 0.8446885708526507 0.3499714774671991 0.8474097964120137 0.3512549914432402 0.8490223745212658 0.3495436394751854 0.8492239467849224 0.34469480889903026
4 0.8141503729086877 0.30533371363377065 0.8118322918766377 0.3020536223616657 0.8086071356581335 0.30119794637763836 0.8039709735940335 0.3017683970336566 0.8000403144527313 0.30533371363377065 0.8000403144527313 0.3110382201939532 0.8037694013303769 0.3154592127780947 0.8177786736545052 0.31645750142612666 0.8155613787542834 0.3118938961779806 0.8141503729086877 0.30533371363377065
4 0.8197943962910703 0.3794922989161438 0.8224148357186051 0.36836851112378777 0.8238258415642008 0.3655162578436965 0.8252368474097964 0.3558185966913862 0.824329772223342 0.354249857387336 0.8228179802459181 0.3552481460353679 0.822011691191292 0.3595265259555048 0.8195928240274138 0.3629492298916144 0.8183833904454747 0.3677980604677695 0.8149566619633138 0.3749286936679977 0.806893771417053 0.3851968054763263 0.8064906268897399 0.38861950941243584 0.8123362225357791 0.39289788933257275 0.8149566619633138 0.39061608670849973 0.8197943962910703 0.3794922989161438
4 0.8842975206611571 0.507843696520251 0.8853053819794396 0.505561893896178 0.8849022374521266 0.49985738733599544 0.8823825841564201 0.49629207073588133 0.8809715783108244 0.4957216200798631 0.8745212658738157 0.49429549343981743 0.8712961096553115 0.49515116942384485 0.8701874622052006 0.4992869366799772 0.8703890344688571 0.5052766685681689 0.8745212658738157 0.5094124358243012 0.879258214069744 0.5112664004563605 0.8825841564200766 0.5099828864803194 0.8842975206611571 0.507843696520251
4 0.482967143721024 0.4824586423274387 0.48226164079822614 0.4803194523673702 0.47863334005240876 0.4800342270393611 0.47651683128401534 0.4827438676554478 0.4773231203386414 0.48844837421563037 0.4793388429752066 0.48958927552766685 0.48256399919371096 0.48844837421563037 0.482967143721024 0.4824586423274387
4 0.46059262245515015 0.6287792355961209 0.4602902640596654 0.6215059897318882 0.4572666801048176 0.6215059897318882 0.45504938520459587 0.6229321163719338 0.45091715379963715 0.6299201369081574 0.4511187260632937 0.63562464346834 0.4553517436000806 0.6399030233884769 0.45918161660955453 0.6376212207644039 0.46059262245515015 0.6287792355961209
4 0.5031243700866761 0.6279235596120936 0.5058455956460391 0.6263548203080433 0.5091715379963717 0.6216486023958927 0.5085668212054021 0.6162293211637193 0.5054424511187261 0.6061038220193953 0.5014110058455956 0.6049629207073588 0.4979842773634348 0.6058185966913862 0.4968756299133239 0.6073873359954364 0.49586776859504134 0.6159440958357102 0.49365047369481957 0.6213633770678836 0.49344890143116305 0.62906446092413 0.49203789558556743 0.6327723901882487 0.4916347510582544 0.6370507701083856 0.49173553719008267 0.6383342840844267 0.4948599072767587 0.640188248716486 0.5012094335819391 0.6340559041642898 0.5031243700866761 0.6279235596120936
4 0.5045353759322717 0.5680262407301768 0.5051400927232412 0.5663148887621221 0.5047369481959283 0.5597547062179121 0.5020157226365652 0.5556189389617798 0.4989921386817174 0.5544780376497433 0.48992138681717395 0.5556189389617798 0.4857891554122153 0.5611808328579578 0.4843781495666196 0.5654592127780947 0.48478129409393267 0.5720193953223046 0.4857891554122153 0.5754420992584142 0.48709937512598267 0.5767256132344553 0.49828663575891957 0.5780091272104962 0.5003023583954848 0.5765830005704506 0.5045353759322717 0.5680262407301768
4 0.5202580124974804 0.5272390188248717 0.5204595847611369 0.5218197375926983 0.5215682322112477 0.5191100969766115 0.5255996774843782 0.5193953223046206 0.5276154001209433 0.517969195664575 0.5311429147349325 0.5106959498003423 0.5307397702076194 0.5052766685681689 0.5294295504938521 0.5034227039361096 0.5255996774843782 0.5002852253280091 0.5215682322112477 0.5034227039361096 0.5190485789155412 0.4995721620079863 0.5208627292884499 0.48844837421563037 0.5177383592017738 0.4854535082715345 0.5114896190284217 0.4883057615516258 0.5097762547873412 0.49044495151169426 0.5085668212054021 0.4992869366799772 0.5057448095142109 0.505561893896178 0.5045353759322717 0.5112664004563605 0.4983874218907478 0.5182544209925841 0.4968756299133239 0.5212492869366799 0.4978834912316065 0.525812892184826 0.5028220116911913 0.5308043354249857 0.5058455956460391 0.5322304620650313 0.5102801854464826 0.5308043354249857 0.5142108445877848 0.5332287507130633 0.5177383592017738 0.531374786081004 0.5202580124974804 0.5272390188248717
4 0.3611167103406571 0.5524814603536794 0.3647450110864745 0.5521962350256703 0.36877645635960493 0.5536223616657159 0.3731102600282201 0.5494865944095836 0.37270711550090707 0.5417855105533371 0.36736545051400926 0.5367940673131774 0.3647450110864745 0.5316600114090131 0.3612174964724854 0.5332287507130633 0.3610159242088289 0.5492013690815745 0.3601088490223745 0.5473474044495151 0.3570852650675267 0.5467769537934969 0.352549889135255 0.5494865944095836 0.35234831687159845 0.5551911009697661 0.3541624672445072 0.566029663434113 0.3560774037492441 0.5684540787221906 0.3573876234630115 0.5685966913861951 0.3596049183632332 0.566029663434113 0.3611167103406571 0.5524814603536794
4 0.3497278774440637 0.5226754135767256 0.3452932876436202 0.5112664004563605 0.34277363434791375 0.5099828864803194 0.33975005039306594 0.5048488305761551 0.3324934489014312 0.5042783799201369 0.32946986494658337 0.5057045065601825 0.32795807296915946 0.510125499144324 0.3293690788147551 0.5178265830005705 0.3369280387018746 0.5193953223046206 0.33743196936101594 0.5275242441528808 0.34035476718403546 0.5330861380490588 0.345192501511792 0.5347974900171135 0.3491231606530941 0.5346548773531089 0.35033259423503327 0.5326583000570451 0.3497278774440637 0.5226754135767256
4 0.40092723241282 0.5882772390188249 0.40032251562185045 0.5828579577866515 0.39639185648054825 0.5798630918425556 0.39195726668010483 0.5810039931545922 0.3879258214069744 0.5767256132344553 0.3830880870792179 0.5770108385624644 0.3802660753880266 0.580718767826583 0.3754283410602701 0.5752994865944095 0.3734126184237049 0.5715915573302909 0.3684740979641201 0.5717341699942955 0.36948195928240274 0.5771534512264689 0.37250554323725055 0.5842840844266971 0.37583148558758317 0.5869937250427838 0.37986293086071354 0.594124358243012 0.384297520661157 0.5966913861950941 0.3884297520661157 0.597404449515117 0.3998185849627091 0.5901312036508842 0.40092723241282 0.5882772390188249
4 0.41362628502318083 0.6330576155162578 0.4146341463414634 0.6276383342840844 0.41382785728683735 0.6216486023958927 0.4119129207821004 0.618938961779806 0.4074783309816569 0.6180832857957786 0.4057649667405765 0.6162293211637193 0.4057649667405765 0.6102395892755277 0.40415238863132436 0.6048203080433543 0.4022374521265874 0.6023958927552767 0.40022172949002216 0.6012549914432401 0.39619028421689173 0.6015402167712492 0.3923604112074179 0.6041072447233314 0.38883289659342873 0.6090986879634912 0.3864140294295505 0.6148031945236737 0.38701874622052007 0.6213633770678836 0.39054626083450916 0.6272104962920707 0.3992138681717396 0.6306332002281803 0.40304374118121344 0.6371933827723902 0.4089901229590808 0.637906446092413 0.4117113485184439 0.636908157444381 0.41362628502318083 0.6330576155162578
4 0.3178794597863334 0.5802909298345693 0.31747631525902037 0.577438676554478 0.3137472283813747 0.5744438106103822 0.30991735537190085 0.5733029092983457 0.30608748236242694 0.5747290359383913 0.3035678290667204 0.577438676554478 0.3034670429348922 0.583000570450656 0.3140495867768595 0.5851397604107245 0.3173755291271921 0.5835710211066742 0.3178794597863334 0.5802909298345693
4 0.44728885305381977 0.5583285795778665 0.44789356984478934 0.5554763262977752 0.44728885305381977 0.5469195664575014 0.44537391654908287 0.5436394751853965 0.44275347712154806 0.5419281232173417 0.4393267486393872 0.5416428978893326 0.4350937311026003 0.5439247005134056 0.4335819391251764 0.5497718197375927 0.43539608949808506 0.5580433542498574 0.4393267486393872 0.5627495721620079 0.4434589800443459 0.5626069594980034 0.4459786333400524 0.5607529948659441 0.44728885305381977 0.5583285795778665
4 0.39588792582140697 0.3552481460353679 0.3923604112074179 0.3539646320593269 0.3877242491433179 0.35510553337136336 0.38701874622052007 0.3609526525955505 0.38822817980245916 0.36409013120365086 0.38903446885708526 0.36409013120365086 0.39397298931667 0.3608100399315459 0.39588792582140697 0.3552481460353679
4 0.47268695827454144 0.34612093553907586 0.4747026809111066 0.3444095835710211 0.47571054222938924 0.3401312036508842 0.4805482765571457 0.3327153451226469 0.4819592824027414 0.3275812892184826 0.4791372707115501 0.3204506560182544 0.47500503930659144 0.3163148887621221 0.46976416045152186 0.3163148887621221 0.4656319290465632 0.3224472333143183 0.464019350937311 0.3272960638904735 0.4655311429147349 0.33057615516257843 0.4694618020560371 0.33328579577866513 0.4696633743196936 0.33585282373074726 0.4708728079016327 0.33813462635482033 0.4696633743196936 0.3409868796349116 0.4694618020560371 0.34412435824301196 0.46674057649667405 0.3462635482030804 0.4646240677282806 0.34982886480319453 0.46684136262850234 0.3552481460353679 0.4708728079016327 0.3535367940673132 0.47268695827454144 0.34612093553907586
4 0.468655513001411 0.39432401597261835 0.46674057649667405 0.3910439247005134 0.4588792582140697 0.3847689674843126 0.4536383793590002 0.3822019395322305 0.4485990727675872 0.38163148887621223 0.4431566216488611 0.3793496862521392 0.4348921588389438 0.38163148887621223 0.4329772223342068 0.3774957216200799 0.4327756500705503 0.3595265259555048 0.43166700262043944 0.35710211066742725 0.427635557347309 0.3573873359954364 0.4269300544245112 0.35838562464346835 0.4259221931062286 0.3609526525955505 0.4245111872606329 0.3717912150598973 0.4259221931062286 0.3774957216200799 0.42471275952428944 0.3840559041642898 0.42572062084257206 0.38861950941243584 0.4251159040516025 0.3940387906446092 0.42622455150171334 0.39589275527666856 0.42783712961096554 0.396748431260696 0.4314654303567829 0.3944666286366229 0.43549687562991335 0.39560752994865944 0.4391251763757307 0.39389617798060467 0.4437613384398307 0.3941814033086138 0.46149969764160453 0.39988590986879635 0.46422092320096753 0.3997432972047918 0.46653900423301753 0.3984597832287507 0.468655513001411 0.39432401597261835
4 0.35154202781697236 0.26083856246434683 0.35214674460794193 0.2559897318881917 0.35154202781697236 0.2502852253280091 0.3474097964120137 0.24386765544780376 0.3453940737754485 0.24272675413576725 0.3413626285023181 0.24329720479178552 0.3394476919975811 0.24515116942384485 0.33763354162467246 0.24942954934398173 0.3380366861519855 0.25713063320022816 0.3413626285023181 0.26354820308043353 0.345192501511792 0.2669709070165431 0.34811529933481156 0.2668282943525385 0.34932473291675065 0.2665430690245294 0.35154202781697236 0.26083856246434683
4 0.3545656117718202 0.3167427267541358 0.34861922999395284 0.3163148887621221 0.3489215883894376 0.3224472333143183 0.3535577504535376 0.3270108385624643 0.3557750453537593 0.3227324586423274 0.3545656117718202 0.3167427267541358
4 0.36000806289054627 0.3558185966913862 0.3604112074178593 0.3538220193953223 0.36061277968151584 0.3389903023388477 0.35748840959483974 0.3374215630347975 0.3532553920580528 0.3397033656588705 0.35093731102600284 0.3429834569309755 0.3491231606530941 0.3495436394751854 0.3491231606530941 0.3552481460353679 0.3499294497077202 0.35752994865944093 0.3528522475307398 0.3608100399315459 0.3549687562991332 0.36066742726754136 0.35688369280387017 0.3605248146035368 0.36000806289054627 0.3558185966913862
4 0.37613384398306793 0.39945807187678267 0.3767385607740375 0.3940387906446092 0.3759322717194114 0.39004563605248144 0.3752267687966136 0.3884768967484313 0.37280790163273536 0.38733599543639474 0.3677685950413223 0.3884768967484313 0.36504736948195926 0.3937535653166001 0.36504736948195926 0.40031374786081003 0.36585365853658536 0.4031660011409013 0.36817173956863536 0.4064460924130063 0.3700866760733723 0.40658870507701084 0.37260632936907884 0.40616086708499716 0.37613384398306793 0.39945807187678267
4 0.464019350937311 0.2828009127210496 0.46059262245515015 0.27053622361665713 0.45867768595041325 0.2672561323445522 0.4552509574682524 0.2692527096406161 0.45333602096351544 0.2719623502567028 0.4515218705906067 0.2785225328009127 0.45252973190888934 0.28308613804905874 0.4538399516226567 0.28436965202509984 0.45998790566418063 0.28508271534512264 0.46291070348720015 0.28465487735310896 0.464019350937311 0.2828009127210496
4 0.43841967345293287 0.29763262977752425 0.44003225156218506 0.2887906446092413 0.4350937311026003 0.2849401026811181 0.42783712961096554 0.28465487735310896 0.4237048982060069 0.2887906446092413 0.4233017536786938 0.294780376497433 0.4245111872606329 0.2984883057615516 0.4268292682926829 0.30119794637763836 0.4317677887522677 0.30191100969766116 0.4365047369481959 0.3000570450656018 0.43841967345293287 0.29763262977752425
4 0.50231808103205 0.25884198516828294 0.502721225559363 0.2542783799201369 0.5020157226365652 0.2507130633200228 0.49818584962709134 0.2512835139760411 0.49425519048578914 0.25570450656018257 0.4932473291675066 0.2596976611523103 0.49304575690385005 0.26083856246434683 0.494960693408587 0.26468910439247006 0.4971779883088087 0.26668568168853396 0.49889135254988914 0.2668282943525385 0.5011086474501109 0.2642612664004564 0.50231808103205 0.25884198516828294
4 0.48840959483975005 0.24515116942384485 0.488006450312437 0.24087278950370794 0.4862930860713566 0.23730747290359383 0.48246321306188267 0.2367370222475756 0.4804474904253175 0.23844837421563034 0.47853255392058053 0.24229891614375357 0.478330981656924 0.24629207073588136 0.4804474904253175 0.25014261266400456 0.48246321306188267 0.25185396463205934 0.4857891554122153 0.2517113519680548 0.4878048780487805 0.24857387335995437 0.48840959483975005 0.24515116942384485
4 0.6274944567627494 0.2722475755847119 0.6251763757306995 0.27096406160867087 0.6236645837532756 0.2665430690245294 0.6213465027212256 0.2649743297204792 0.6197339246119734 0.26183685111237875 0.616105623866156 0.26440387906446094 0.6154001209433582 0.2676839703365659 0.6162064099979843 0.2719623502567028 0.6199354968756299 0.275812892184826 0.6240677282805885 0.27709640616086706 0.6263858093126385 0.27638334284084426 0.6274944567627494 0.2722475755847119
4 0.6175166297117517 0.2954934398174558 0.6197339246119734 0.29463776383342843 0.6198347107438017 0.29249857387336 0.618423704898206 0.2887906446092413 0.6157024793388429 0.2855105533371363 0.6098568836928039 0.2809469480889903 0.6068332997379561 0.27609811751283514 0.6040112880467647 0.2752424415288078 0.6006853456964322 0.28308613804905874 0.6010884902237452 0.2887906446092413 0.6040112880467647 0.29292641186537366 0.6092521669018343 0.29606389047347403 0.6105623866156017 0.29962920707358814 0.6125781092521669 0.30105533371363374 0.6144930457569039 0.3000570450656018 0.6175166297117517 0.2954934398174558
4 0.6889739971779884 0.24458071876782658 0.6921991533964926 0.2331717056474615 0.6904857891554123 0.2316029663434113 0.6858496270913123 0.2318881916714204 0.6810118927635558 0.2338847689674843 0.67496472485386 0.23873359954363949 0.6728482160854666 0.2448659440958357 0.6757710139084862 0.25014261266400456 0.6786938117315058 0.2517113519680548 0.6864543438822818 0.24900171135196805 0.6889739971779884 0.24458071876782658
4 0.545252973190889 0.43083285795778664 0.5413223140495868 0.4272675413576726 0.541019955654102 0.4333998859098688 0.545252973190889 0.43511123787792355 0.546059262245515 0.4336851112378779 0.545252973190889 0.43083285795778664
4 0.5565410199556541 0.4679121505989732 0.556137875428341 0.4647746719908728 0.5542229389236041 0.46177980604677693 0.5493852045958476 0.45835710211066744 0.5441443257407781 0.45864232743867656 0.5434388228179803 0.460781517398745 0.5450514009272324 0.4707644038790645 0.5485789155412215 0.47318881916714206 0.5510985688369281 0.4730462065031375 0.5553315863737149 0.47162007986309185 0.5565410199556541 0.4679121505989732
4 0.5422293892360411 0.4499429549343982 0.5372908687764564 0.44266970907016545 0.5336625680306389 0.4435253850541928 0.5295303366256803 0.4547917855105533 0.5297319088893369 0.45707358813462634 0.5318484176577303 0.46063890473474045 0.5379963716992542 0.46135196805476325 0.5428341060270107 0.45735881346263546 0.5422293892360411 0.4499429549343982
4 0.529026405966539 0.35510553337136336 0.5325539205805281 0.3538220193953223 0.5329570651078411 0.3492584141471763 0.5320499899213869 0.3479749001711352 0.5294295504938521 0.34711922418710783 0.5269098971981455 0.34982886480319453 0.526708324934489 0.35211066742726754 0.5242894577706108 0.3552481460353679 0.5248941745615803 0.35867084997147747 0.525902035879863 0.3595265259555048 0.5274138278572869 0.35881346263548203 0.529026405966539 0.35510553337136336
4 0.541019955654102 0.3940387906446092 0.5450514009272324 0.3883342840844267 0.545252973190889 0.3829150028522533 0.5413223140495868 0.3773531089560753 0.5366861519854867 0.37592698231602967 0.534065712557952 0.3773531089560753 0.531344486998589 0.3829150028522533 0.530941342471276 0.38890473474044496 0.5331586373714977 0.395750142612664 0.5375932271719411 0.3997432972047918 0.5402136665994759 0.39689104392470054 0.541019955654102 0.3940387906446092
4 0.49223946784922396 0.43311466058185966 0.4918363233219109 0.43168853394181406 0.490324531344487 0.43011979463776384 0.4864946583350131 0.43040501996577296 0.4844789356984479 0.43240159726183686 0.48397500503930657 0.4333998859098688 0.48457972183027614 0.43539646320593267 0.4867970167304979 0.4376782658300057 0.490324531344487 0.43639475185396465 0.49223946784922396 0.43311466058185966
4 0.48074984882080224 0.4388191671420422 0.4801451320298327 0.43539646320593267 0.47863334005240876 0.4332572732458642 0.4731908889336827 0.432686822589846 0.46875629913323924 0.4295493439817456 0.4661358597057045 0.4292641186537364 0.4634146341463415 0.43311466058185966 0.4634146341463415 0.4396748431260696 0.4655311429147349 0.44266970907016545 0.46956258818786534 0.4455219623502567 0.47490425317476315 0.4465202509982886 0.4791372707115501 0.4422418710781517 0.48074984882080224 0.4388191671420422
4 0.6314251159040516 0.42384483742156304 0.625377947994356 0.4195664575014261 0.6235637976214473 0.41585852823730746 0.6218504333803668 0.41685681688533943 0.6197339246119734 0.42184826012549914 0.6263858093126385 0.4235596120935539 0.6284015319492038 0.4275527666856817 0.6315259020358799 0.42940673131774104 0.632332191090506 0.42683970336565885 0.6314251159040516 0.42384483742156304
4 0.6414029429550494 0.4051625784369652 0.6397903648457972 0.40259555048488305 0.6384801451320299 0.3964632059326868 0.6328361217496472 0.39389617798060467 0.6275952428945777 0.3941814033086138 0.6258818786534973 0.395750142612664 0.6248740173352146 0.40031374786081003 0.6273936706309212 0.40758699372504276 0.6310219713767385 0.4110096976611523 0.635456561177182 0.41015402167712495 0.6395887925821407 0.41086708499714775 0.6409997984277364 0.4094409583571021 0.6414029429550494 0.4051625784369652
4 0.5928240274138279 0.500998288648032 0.5961499697641605 0.49515116942384485 0.5991735537190083 0.4960068454078722 0.6007861318282605 0.5 0.6032049989921386 0.5014261266400456 0.6070348720016125 0.4997147746719909 0.6093529530336625 0.49386765544780376 0.6095545252973191 0.48844837421563037 0.6081435194517234 0.4850256702795208 0.6038097157831083 0.4834569309754706 0.5989719814553518 0.4877353108956075 0.59675468655513 0.4883057615516258 0.5923200967546866 0.4851682829435254 0.5882886514815562 0.4854535082715345 0.5865752872404757 0.48844837421563037 0.5859705704495062 0.49386765544780376 0.5881878653497279 0.5052766685681689 0.588994154404354 0.505561893896178 0.5922193106228583 0.5038505419281232 0.5928240274138279 0.500998288648032
4 0.5835517032856279 0.6376212207644039 0.5825438419673453 0.6330576155162578 0.5802257609352953 0.632344552196235 0.5791171134851845 0.6387621220764403 0.5803265470671236 0.6436109526525956 0.5817375529127192 0.6436109526525956 0.5831485587583148 0.6421848260125499 0.5835517032856279 0.6376212207644039
4 0.6036081435194517 0.731032515687393 0.6008869179600886 0.7326012549914432 0.6026002822011691 0.7381631488876212 0.6040112880467647 0.7393040501996577 0.6079419471880669 0.7394466628636623 0.6078411610562386 0.7324586423274386 0.6036081435194517 0.731032515687393
4 0.6222535779076799 0.7106389047347405 0.6216488611167104 0.7057900741585853 0.620741785930256 0.7045065601825442 0.6157024793388429 0.703936109526526 0.614190687361419 0.7063605248146035 0.6137875428341061 0.7117798060467769 0.6157024793388429 0.7156303479749002 0.6172142713162668 0.7154877353108956 0.6195323523483168 0.7153451226468911 0.6222535779076799 0.7106389047347405
4 0.5609756097560976 0.6547347404449515 0.5595646039105019 0.6515972618368511 0.5587583148558758 0.6438961779806047 0.5568433783511388 0.643468339988591 0.5529127192098368 0.6473188819167142 0.5521064301552107 0.6493154592127781 0.5519048578915541 0.6550199657729606 0.556137875428341 0.6655733029092984 0.5575488812739368 0.6664289788933258 0.5609756097560976 0.6610096976611524 0.5609756097560976 0.6547347404449515
4 0.5920177383592018 0.7271819737592699 0.5861721427131626 0.718625213918996 0.5834509171537996 0.7102110667427267 0.5800241886716387 0.7070735881346264 0.5765974601894779 0.706503137478608 0.5724652287845192 0.7103536794067313 0.5682322112477323 0.7271819737592699 0.5715581535980649 0.7327438676554479 0.5761943156621648 0.7344552196235026 0.5809312638580931 0.734312606959498 0.5892965127998387 0.7327438676554479 0.5920177383592018 0.7271819737592699
4 0.6416045152187059 0.6667142042213349 0.6399919371094538 0.6627210496292071 0.6393872203184842 0.6510268111808328 0.6369683531546059 0.6467484312606959 0.6357589195726668 0.6404734740444952 0.6348518443862124 0.6400456360524814 0.6326345494859907 0.6414717626925271 0.6272928844990929 0.6487450085567599 0.6238661560169321 0.660439247005134 0.6248740173352146 0.669281232173417 0.6252771618625277 0.6712778094694809 0.6269905261036082 0.6731317741015402 0.635053416649869 0.6774101540216771 0.6395887925821407 0.6781232173416999 0.6418060874823625 0.6741300627495722 0.6416045152187059 0.6667142042213349
4 0.6353557750453538 0.7548488305761551 0.6392864341866559 0.7527096406160867 0.6414029429550494 0.7491443240159726 0.6434186655916146 0.74343981745579 0.6442249546462406 0.7380205362236166 0.6435194517234428 0.7324586423274386 0.640495867768595 0.7316029663434113 0.6342471275952429 0.7324586423274386 0.6314251159040516 0.7358813462635482 0.6275952428945777 0.7384483742156304 0.623463011489619 0.7437250427837993 0.6254787341261843 0.7491443240159726 0.6256803063898407 0.7548488305761551 0.6214472888530538 0.7605533371363377 0.6216488611167104 0.7659726183685112 0.628099173553719 0.7713918996006845 0.6315259020358799 0.7673987450085568 0.6353557750453538 0.7548488305761551
4 0.6174158435799234 0.6573017683970337 0.6180205603708929 0.6481745579007416 0.6172142713162668 0.6436109526525956 0.6200362830074582 0.6376212207644039 0.6204394275347712 0.6327723901882487 0.6178189881072365 0.6270678836280662 0.6134851844386212 0.6215059897318882 0.6080427333198952 0.6169423844837422 0.6036081435194517 0.6160867084997148 0.6014916347510583 0.6182258984597833 0.6006853456964322 0.6230747290359384 0.6029026405966539 0.637906446092413 0.6055230800241886 0.6433257273245864 0.60370892965128 0.6510268111808328 0.60370892965128 0.660439247005134 0.6135859705704495 0.6610096976611524 0.6157024793388429 0.6608670849971477 0.6174158435799234 0.6573017683970337
4 0.4402338238258416 0.783656588705077 0.44003225156218506 0.7708214489446663 0.4393267486393872 0.7678265830005705 0.43690788147550896 0.7683970336565887 0.43539608949808506 0.7713918996006845 0.4380165289256198 0.7768111808328579 0.4372102398709938 0.7796634341129492 0.43549687562991335 0.7818026240730177 0.4327756500705503 0.7825156873930404 0.43388429752066116 0.7883628066172276 0.43761338439830677 0.7885054192812322 0.439629107034872 0.7882201939532231 0.4402338238258416 0.783656588705077
4 0.41019955654101997 0.7114945807187678 0.4097964120137069 0.7049343981745579 0.40788147550896997 0.7013690815744438 0.40405160249949607 0.7007986309184255 0.4021366659947591 0.7049343981745579 0.4021366659947591 0.7157729606389047 0.40405160249949607 0.7179121505989732 0.40818383390445473 0.7180547632629778 0.4095948397500504 0.7157729606389047 0.41019955654101997 0.7114945807187678
4 0.4327756500705503 0.7331717056474615 0.4333803668615199 0.7271819737592699 0.4321709332795807 0.7143468339988591 0.4312638580931264 0.7122076440387907 0.4282402741382786 0.7099258414147176 0.41896795001007864 0.7102110667427267 0.4140294295504939 0.7154877353108956 0.4134247127595243 0.7271819737592699 0.41423100181415035 0.730034227039361 0.41503729086877644 0.7323160296634341 0.42017738359201773 0.7384483742156304 0.42320096754686554 0.7401597261836851 0.4281394880064503 0.7400171135196806 0.43156621648861115 0.7380205362236166 0.4327756500705503 0.7331717056474615
4 0.5183430759927434 0.7301768397033657 0.5150171336424108 0.7328864803194524 0.5150171336424108 0.7383057615516257 0.5178391453336021 0.7408727895037079 0.5204595847611369 0.7326012549914432 0.5183430759927434 0.7301768397033657
4 0.4956661963313848 0.7488590986879635 0.49304575690385005 0.7431545921277809 0.49223946784922396 0.7383057615516257 0.4902237452126587 0.7345978322875071 0.4862930860713566 0.7321734169994295 0.4820600685345696 0.7350256702795208 0.48095142108445876 0.7385909868796349 0.48478129409393267 0.7437250427837993 0.48619229993952834 0.7497147746719909 0.49062688973997176 0.7539931545921278 0.49455754888127396 0.7512835139760411 0.4956661963313848 0.7488590986879635
4 0.43317879459786335 0.8101825442099259 0.4341866559161459 0.8044780376497433 0.4321709332795807 0.7962065031374786 0.42723241281999597 0.7929264118653736 0.4236041120741786 0.7949229891614376 0.420278169723846 0.799343981745579 0.4200765974601895 0.8047632629777525 0.4274339850836525 0.8120365088419852 0.42955049385204597 0.8118938961779806 0.4314654303567829 0.8117512835139761 0.43317879459786335 0.8101825442099259