0 0.3452932876436202 0.4667712492869367 0.34811529933481156 0.46106674272675413 0.34791372707115503 0.45536223616657157 0.34569643217093327 0.44965772960638906 0.3413626285023181 0.4458071876782658 0.3371296109655311 0.4455219623502567 0.3332997379560573 0.44694808899030236 0.3293690788147551 0.45108385624643466 0.32795807296915946 0.45536223616657157 0.3273533561781899 0.46220764403879067 0.32916750655109855 0.4710496292070736 0.3328965934287442 0.47746719908727897 0.33501310219713765 0.47760981175128353 0.33753275549284417 0.47718197375926985 0.3452932876436202 0.4667712492869367
0 0.36000806289054627 0.5717341699942955 0.35900020157226364 0.566029663434113 0.35819391251763755 0.548060467769538 0.357186051199355 0.5443525385054193 0.35547268695827455 0.5427837992013691 0.3530538197943963 0.5416428978893326 0.34962709131223546 0.54249857387336 0.34186655916145936 0.5537649743297205 0.3408586978431768 0.5591842555618939 0.34126184237048984 0.5643183114660582 0.34247127595242893 0.5674557900741586 0.34640193509373113 0.5724472333143183 0.3492239467849224 0.5744438106103822 0.357186051199355 0.5768682258984598 0.35900020157226364 0.575156873930405 0.36000806289054627 0.5717341699942955
0 0.348316871598468 0.6496006845407872 0.3491231606530941 0.6430405019965773 0.348316871598468 0.6381916714204221 0.3446885708526507 0.6293496862521392 0.34116105623866155 0.625499144324016 0.3371296109655311 0.6252139189960069 0.33350131021971374 0.627780946948089 0.32997379560572465 0.6324871648602396 0.328562789760129 0.6384768967484312 0.3287643620237855 0.6438961779806047 0.3303769401330377 0.6496006845407872 0.3332997379560573 0.6537364517969195 0.34146341463414637 0.6595835710211067 0.3452932876436202 0.6587278950370793 0.348316871598468 0.6496006845407872
0 0.371900826446281 0.6707073588134627 0.36817173956863536 0.6602966343411295 0.3601088490223745 0.6548773531089561 0.3570852650675267 0.6563034797490017 0.3537593227171941 0.6638619509412436 0.3527514613989115 0.6695664575014262 0.352549889135255 0.6792641186537365 0.352953033662568 0.6843981745579008 0.35517032856278974 0.6903879064460924 0.3570852650675267 0.6930975470621791 0.36182221326345493 0.6938106103822019 0.3684740979641201 0.6869652025099829 0.371900826446281 0.6707073588134627
0 0.39185648054827654 0.7574158585282373 0.39125176375730697 0.7494295493439818 0.3884297520661157 0.7437250427837993 0.38449909292481355 0.7393040501996577 0.38087079217899616 0.7387335995436395 0.37018746220520055 0.7435824301197946 0.3684740979641201 0.7531374786081004 0.3682725257004636 0.7602681118083285 0.3690788147550897 0.7636908157444381 0.3722031848417658 0.7664004563605248 0.38087079217899616 0.7683970336565887 0.38530538197943964 0.7738163148887621 0.3884297520661157 0.7750998288648032 0.3902439024390244 0.7713918996006845 0.39185648054827654 0.7574158585282373
0 0.4332795807296916 0.7136337706788363 0.43700866760733725 0.7072162007986309 0.43902439024390244 0.6989446662863662 0.43922596250755896 0.6929549343981746 0.43741181213465025 0.6846833998859099 0.43469058657528725 0.6799771819737592 0.4314654303567829 0.6776953793496863 0.427635557347309 0.6782658300057045 0.4236041120741786 0.6808328579577867 0.4178593025599677 0.6886765544780377 0.41745615803265473 0.6958071876782659 0.4192703084055634 0.7046491728465488 0.41886716387825035 0.7109241300627496 0.41967345293287645 0.7154877353108956 0.42259625075589596 0.7170564746149458 0.42572062084257206 0.7171990872789503 0.4296512799838742 0.7164860239589276 0.4332795807296916 0.7136337706788363
0 0.44960693408586977 0.7701083856246435 0.4511187260632937 0.7671135196805476 0.4499092924813546 0.7602681118083285 0.44638177786736544 0.7538505419281232 0.4431566216488611 0.750998288648032 0.43831888732110463 0.7501426126640046 0.43287643620237853 0.7518539646320593 0.43136464422495463 0.754563605248146 0.4289457770610764 0.7691100969766115 0.4289457770610764 0.7716771249286937 0.4306591413021568 0.773531089560753 0.4321709332795807 0.7736737022247575 0.44638177786736544 0.771534512264689 0.44960693408586977 0.7701083856246435
0 0.4394275347712155 0.5871363377067884 0.43549687562991335 0.58499714774672 0.42703084055633944 0.5855675984027382 0.4236041120741786 0.5864232743867656 0.4197742390647047 0.5892755276668569 0.41685144124168516 0.5936965202509983 0.4148357186051199 0.5994010268111808 0.41443257407780687 0.6048203080433543 0.41584357992340254 0.6102395892755277 0.4197742390647047 0.6138049058756417 0.42400725660149163 0.6140901312036509 0.427635557347309 0.6118083285795779 0.4314654303567829 0.6149458071876782 0.4355976617617416 0.6159440958357102 0.4394275347712155 0.6073873359954364 0.4394275347712155 0.5871363377067884
0 0.48639387220318486 0.617655447803765 0.4872001612578109 0.6059612093553908 0.4858899415440435 0.600969766115231 0.47943962910703486 0.598687963491158 0.4737956057246523 0.5992584141471763 0.4626083450917154 0.6105248146035368 0.4626083450917154 0.6162293211637193 0.46653900423301753 0.6217912150598973 0.47419875025196534 0.623502567027952 0.4799435597661762 0.6233599543639475 0.48387421890747834 0.6217912150598973 0.48639387220318486 0.617655447803765
0 0.49768191896795 0.7876497432972048 0.49808506349526305 0.781374786081004 0.49727877444063695 0.7776668568168853 0.490324531344487 0.7678265830005705 0.4862930860713566 0.7683970336565887 0.48236242693005443 0.7728180262407301 0.4805482765571457 0.7768111808328579 0.47954041523886315 0.7819452367370222 0.4799435597661762 0.7876497432972048 0.490324531344487 0.7957786651454649 0.49425519048578914 0.797062179121506 0.4964724853860109 0.7939247005134056 0.49768191896795 0.7876497432972048
0 0.525902035879863 0.7651169423844837 0.5289256198347108 0.7602681118083285 0.5303366256803064 0.7551340559041643 0.5301350534166499 0.7491443240159726 0.5283209030437411 0.7440102681118084 0.5217698044749043 0.7361665715915573 0.5185446482563999 0.735596120935539 0.5141100584559565 0.7387335995436395 0.511187260632937 0.7428693667997718 0.5097762547873412 0.7474329720479178 0.5091715379963717 0.7534227039361096 0.5095746825236848 0.7605533371363377 0.5109856883692804 0.7659726183685112 0.5139084861922999 0.7712492869366799 0.5180407175972587 0.774529378208785 0.5207619431566216 0.7729606389047348 0.525902035879863 0.7651169423844837
0 0.5294295504938521 0.7076440387906446 0.5335617818988108 0.698374215630348 0.5339649264261238 0.6938106103822019 0.5331586373714977 0.6881061038220194 0.5292279782301955 0.6811180832857958 0.5260028220116912 0.6785510553337136 0.5215682322112477 0.6788362806617227 0.5175367869381173 0.6822589845978323 0.5137069139286434 0.6825442099258414 0.5105825438419673 0.6878208784940103 0.5095746825236848 0.6932401597261837 0.5097762547873412 0.702937820878494 0.5115904051602499 0.7092127780946949 0.5135053416649868 0.7110667427267542 0.5175367869381173 0.7124928693667998 0.5222737351340455 0.7123502567027952 0.5262043942753477 0.710781517398745 0.5294295504938521 0.7076440387906446
0 0.5570449506147954 0.7806617227609812 0.5613787542834106 0.7782373074729035 0.5621850433380366 0.7705362236166572 0.5609756097560976 0.7668282943525385 0.5556339447691998 0.7575584711922418 0.5520056440233824 0.7547062179121506 0.5481757710139085 0.7541357672561323 0.5453537593227172 0.7552766685681689 0.5412215279177586 0.7605533371363377 0.5398105220721628 0.7668282943525385 0.5428341060270107 0.7756702795208215 0.5438419673452933 0.7862236166571591 0.5453537593227172 0.7880775812892185 0.5500907075186454 0.7885054192812322 0.5530135053416649 0.7875071306332002 0.5570449506147954 0.7806617227609812
0 0.5572465228784519 0.7806617227609812 0.5615803265470671 0.7779520821448944 0.5621850433380366 0.7711066742726754 0.5609756097560976 0.7668282943525385 0.5556339447691998 0.7575584711922418 0.5532150776053215 0.7552766685681689 0.548377343277565 0.7541357672561323 0.5451521870590607 0.755561893896178 0.5412215279177586 0.7605533371363377 0.5398105220721628 0.7671135196805476 0.5428341060270107 0.7756702795208215 0.5440435396089498 0.7865088419851682 0.5453537593227172 0.7880775812892185 0.5500907075186454 0.7885054192812322 0.5530135053416649 0.7875071306332002 0.5572465228784519 0.7806617227609812
0 0.5803265470671236 0.7106389047347405 0.579721830276154 0.7037934968625214 0.5766982463213062 0.6969480889903024 0.572364442652691 0.6908157444381061 0.5687361419068736 0.6893896177980605 0.5656117718201975 0.6935253850541928 0.5637976214472888 0.6995151169423844 0.5635960491836324 0.7060752994865944 0.5646039105019149 0.7117798060467769 0.5667204192703084 0.7159155733029093 0.5689377141705302 0.7176269252709641 0.572364442652691 0.7190530519110097 0.5766982463213062 0.7191956645750143 0.5795202580124975 0.7160581859669138 0.5803265470671236 0.7106389047347405
0 0.6331384801451321 0.7297490017113519 0.6339447691997581 0.7251853964632059 0.6337431969361016 0.7200513405590416 0.6317274742995364 0.7137763833428409 0.627696029026406 0.7055048488305762 0.6235637976214473 0.7047917855105533 0.6182221326345495 0.7103536794067313 0.6170126990526104 0.7152025099828865 0.6170126990526104 0.7217626925270965 0.6196331384801451 0.7271819737592699 0.6235637976214473 0.7318881916714204 0.6287038903446885 0.732030804335425 0.6314251159040516 0.7316029663434113 0.6331384801451321 0.7297490017113519
0 0.690788147550897 0.7460068454078722 0.6917960088691796 0.7437250427837993 0.6887724249143318 0.7328864803194524 0.6808103204998992 0.7261836851112379 0.677988308808708 0.7253280091272105 0.6751662971175166 0.726468910439247 0.6724450715581536 0.7303194523673702 0.6706309211852449 0.7348830576155163 0.6700262043942753 0.7383057615516257 0.6706309211852449 0.7440102681118084 0.678794597863334 0.757843696520251 0.6816166095545253 0.7604107244723332 0.6869582745414231 0.7619794637763834 0.6891755694416448 0.7596976611523103 0.690788147550897 0.7460068454078722
0 0.7133642410804273 0.8147461494580719 0.7184035476718403 0.8098973188819167 0.7192098367264664 0.8036223616657159 0.7177988308808708 0.7979178551055334 0.7152791775851642 0.7937820878494011 0.7098367264664383 0.7897889332572733 0.7052005644023382 0.7895037079292642 0.7023785527111469 0.7906446092413006 0.6999596855472687 0.7932116371933827 0.6980447490425318 0.7979178551055334 0.6968353154605926 0.8093268682258985 0.696633743196936 0.8215915573302909 0.7007659746018948 0.8245864232743868 0.710139084861923 0.8258699372504278 0.7113485184438622 0.823873359954364 0.7133642410804273 0.8147461494580719
0 0.748840959483975 0.797062179121506 0.7500503930659141 0.7887906446092413 0.7498488208022576 0.7819452367370222 0.7482362426930055 0.7770964061608671 0.7453134448699859 0.7732458642327439 0.740677282805886 0.7703936109526526 0.7328159645232816 0.7695379349686252 0.7303970973594034 0.7709640616086708 0.729490022172949 0.7736737022247575 0.7292884499092925 0.7833713633770679 0.7317073170731707 0.7913576725613235 0.737653698851038 0.7986309184255562 0.7460189477927837 0.8007701083856247 0.7479338842975206 0.7994865944095836 0.748840959483975 0.797062179121506
0 0.7061076395887926 0.7400171135196806 0.7075186454343882 0.7280376497432972 0.7075186454343882 0.7189104392470052 0.7071155009070752 0.7157729606389047 0.7045958476113687 0.7116371933827724 0.7019754081838339 0.7096406160867085 0.6979439629107035 0.7093553907586994 0.6939125176375731 0.7110667427267542 0.6913928643418665 0.7143468339988591 0.6877645635960492 0.7277524244152881 0.6883692803870187 0.7331717056474615 0.690788147550897 0.7414432401597262 0.6933078008466035 0.744438106103822 0.6990526103608143 0.7448659440958357 0.703587986293086 0.7438676554478038 0.7061076395887926 0.7400171135196806
0 0.70509977827051 0.696092413006275 0.7071155009070752 0.6889617798060468 0.7069139286434186 0.6832572732458643 0.703184841765773 0.6782658300057045 0.6941140899012296 0.6739874500855676 0.6891755694416448 0.6781232173416999 0.6881677081233623 0.6829720479178552 0.6911912920782101 0.6946662863662293 0.6943156621648862 0.6988020536223617 0.6988510380971579 0.7003707929264119 0.7019754081838339 0.6999429549343982 0.70509977827051 0.696092413006275
0 0.8385406168111268 0.696092413006275 0.8375327554928442 0.6886765544780377 0.8341060270106834 0.6801197946377638 0.8311832291876637 0.6765544780376498 0.8275549284418464 0.6759840273816314 0.8194920378955856 0.6825442099258414 0.8177786736545052 0.6886765544780377 0.8189881072364442 0.6946662863662293 0.820802257609353 0.6986594409583571 0.8237250554323725 0.7022247575584712 0.8279580729691595 0.7050770108385624 0.8315863737149768 0.706503137478608 0.835517032856279 0.7063605248146035 0.8377343277565007 0.7046491728465488 0.8385406168111268 0.696092413006275
0 0.8806692199153396 0.7049343981745579 0.8802660753880266 0.6992298916143753 0.8786534972787744 0.6943810610382202 0.8782503527514613 0.6878208784940103 0.8753275549284418 0.6842555618938961 0.8708929651279984 0.6848260125499145 0.8659544446684136 0.6929549343981746 0.8657528724047571 0.6992298916143753 0.8745212658738157 0.7099258414147176 0.8760330578512396 0.7097832287507131 0.8783511388832896 0.7093553907586994 0.8806692199153396 0.7049343981745579
0 0.7887522676879661 0.6216486023958927 0.7883491231606531 0.6139475185396464 0.7847208224148358 0.606531660011409 0.7822011691191292 0.6038220193953223 0.779782301955251 0.6032515687393041 0.7757508566821205 0.6049629207073588 0.773231203386414 0.6090986879634912 0.7706107639588793 0.6162293211637193 0.7689981858496271 0.6327723901882487 0.7703084055633945 0.6351968054763263 0.772828058859101 0.63562464346834 0.7834106027010683 0.6283513976041073 0.7887522676879661 0.6216486023958927
0 0.7180004031445273 0.633342840844267 0.7184035476718403 0.6267826583000571 0.7175972586172142 0.6216486023958927 0.7140697440032252 0.6169423844837422 0.7060068534569643 0.6135196805476326 0.7034872001612578 0.6167997718197376 0.7018746220520057 0.6270678836280662 0.7026809111066318 0.6327723901882487 0.7082241483571861 0.6380490587564176 0.7139689578713969 0.6384768967484312 0.71669018343076 0.6363377067883628 0.7180004031445273 0.633342840844267
0 0.7019754081838339 0.632344552196235 0.7064099979842774 0.6374786081003994 0.7094335819391252 0.6386195094124358 0.7142713162668817 0.6383342840844267 0.7160854666397903 0.636908157444381 0.7182019754081839 0.6327723901882487 0.7177988308808708 0.622219053051911 0.7130618826849425 0.6163719338277239 0.7052005644023382 0.6132344552196235 0.7038903446885708 0.6108100399315459 0.7032856278976013 0.6045350827153452 0.7019754081838339 0.6015402167712492 0.6918967950010079 0.6061038220193953 0.6901834307599274 0.6076725613234455 0.6885708526506753 0.6125213918996006 0.685748840959484 0.6165145464917284 0.6847409796412014 0.6213633770678836 0.6851441241685144 0.6270678836280662 0.6869582745414231 0.6350541928123218 0.6886716387825035 0.6386195094124358 0.690385003023584 0.6393325727324587 0.6955250957468252 0.6383342840844267 0.7019754081838339 0.632344552196235
0 0.7517637573069945 0.5775812892184826 0.7567022777665793 0.5666001140901312 0.7571054222938923 0.5600399315459212 0.7560975609756098 0.5546206503137479 0.7544849828663576 0.5506274957216201 0.750755895988712 0.5467769537934969 0.7434992944970772 0.5456360524814603 0.7374521265873816 0.5433542498573873 0.7369481959282402 0.5472047917855105 0.734529328764362 0.5523388476896749 0.7321104616004838 0.5606103822019395 0.7333198951824229 0.5697375926982317 0.7384599879056641 0.57843696520251 0.7410804273331989 0.5804335424985738 0.7466236645837533 0.5805761551625784 0.7489417456158033 0.5801483171705647 0.7517637573069945 0.5775812892184826
0 0.7716186252771619 0.4941528807758129 0.773231203386414 0.4887335995436395 0.7694013303769401 0.4721905305191101 0.768191896795001 0.46990872789503707 0.7652690989719815 0.46605818596691384 0.7608345091715379 0.46605818596691384 0.758113283612175 0.4679121505989732 0.7570046361620641 0.4734740444951512 0.7539810522072163 0.47090701654306905 0.7499496069340859 0.4717626925270964 0.7490425317476316 0.4733314318311466 0.748840959483975 0.47789503707929265 0.7496472485386011 0.4830290929834569 0.7512598266478533 0.4870222475755847 0.7584156420076598 0.4968625213918996 0.7614392259625076 0.4982886480319452 0.7661761741584358 0.49814603536794066 0.770106833299738 0.49629207073588133 0.7716186252771619 0.4941528807758129
0 0.6944164482967143 0.5095550484883058 0.6956258818786535 0.505561893896178 0.6944164482967143 0.5007130633200229 0.6902842168917557 0.4960068454078722 0.6874622052005644 0.49515116942384485 0.6793993146543036 0.4960068454078722 0.67496472485386 0.49914432401597264 0.6744607941947188 0.5052766685681689 0.6804071759725862 0.5136908157444381 0.6865551300141101 0.5164004563605248 0.6902842168917557 0.5145464917284654 0.6944164482967143 0.5095550484883058
0 0.6457367466236645 0.5173987450085568 0.6478532553920581 0.510125499144324 0.6472485386010884 0.49386765544780376 0.6450312437008667 0.4890188248716486 0.6433178794597864 0.4874500855675984 0.6392864341866559 0.48716486023958927 0.6373714976819189 0.4890188248716486 0.6331384801451321 0.4970051340559042 0.6313243297722233 0.5047062179121506 0.6317274742995364 0.5106959498003423 0.6331384801451321 0.5155447803764974 0.6356581334408385 0.5188248716486024 0.6395887925821407 0.5201083856246435 0.6431163071961298 0.5196805476326298 0.6457367466236645 0.5173987450085568
0 0.6157024793388429 0.5858528237307473 0.6190284216891756 0.5808613804905876 0.6216488611167104 0.5671705647461495 0.6210441443257407 0.5628921848260126 0.6197339246119734 0.560467769537935 0.6163071961298126 0.5593268682258985 0.6100584559564604 0.5601825442099259 0.6066317274742995 0.5613234455219623 0.6039105019149366 0.5637478608100399 0.6014916347510583 0.5725898459783229 0.6006853456964322 0.5831431831146606 0.6038097157831083 0.587564175698802 0.6091513807700061 0.588562464346834 0.6120741785930256 0.5881346263548203 0.6157024793388429 0.5858528237307473
0 0.6293086071356582 0.6438961779806047 0.6297117516629712 0.6407586993725043 0.6297117516629712 0.6373359954363947 0.627696029026406 0.62906446092413 0.6237653698851038 0.6272104962920707 0.6169119129207821 0.630062749572162 0.6140899012295908 0.632344552196235 0.6123765369885104 0.6381916714204221 0.613384398306793 0.6433257273245864 0.6163071961298126 0.6497432972047917 0.6193307800846604 0.6520250998288648 0.6236645837532756 0.6518824871648602 0.6270913122354363 0.649030233884769 0.6293086071356582 0.6438961779806047
0 0.5609756097560976 0.6028237307472903 0.5639991937109454 0.588562464346834 0.5637976214472888 0.5825727324586423 0.5609756097560976 0.575156873930405 0.558455956460391 0.5715915573302909 0.5542229389236041 0.5693097547062179 0.5516024994960693 0.5693097547062179 0.5490828462003629 0.5714489446662864 0.5464624067728281 0.577438676554478 0.5450514009272324 0.5822875071306332 0.5446482563999193 0.5902738163148887 0.5487804878048781 0.5995436394751854 0.5530135053416649 0.6032515687393041 0.5581535980649063 0.6051055333713634 0.5600685345696432 0.6043924700513406 0.5609756097560976 0.6028237307472903
0 0.48246321306188267 0.5433542498573873 0.4864946583350131 0.5430690245293782 0.4890143116307196 0.5375071306332002 0.48921588389437615 0.5318026240730177 0.48840959483975005 0.5278094694808899 0.4788349123160653 0.5188248716486024 0.47500503930659144 0.5196805476326298 0.47288853053819796 0.5269537934968626 0.47107438016528924 0.5503422703936109 0.47278774440636967 0.5541928123217341 0.4755089699657327 0.554905875641757 0.47873412618423705 0.5531945236737023 0.48246321306188267 0.5433542498573873
0 0.41806087482362425 0.5109811751283514 0.41806087482362425 0.5049914432401598 0.41513807700060473 0.49914432401597264 0.41150977625478735 0.49629207073588133 0.4080830477726265 0.49743297204791787 0.4042531747631526 0.5008556759840274 0.4027413827857287 0.5038505419281232 0.4019350937311026 0.5104107244723332 0.40253981052207216 0.5172561323445521 0.40153194920378954 0.5223901882487165 0.40385003023583954 0.5270964061608671 0.40788147550896997 0.5310895607529948 0.4118121346502721 0.5309469480889903 0.41664986897802864 0.5192527096406161 0.41806087482362425 0.5109811751283514
0 0.39125176375730697 0.5606103822019395 0.38883289659342873 0.5511979463776383 0.3871195323523483 0.549343981745579 0.38087079217899616 0.5479178551055334 0.3766377746422092 0.5504848830576156 0.37250554323725055 0.5600399315459212 0.37351340455553317 0.564033086138049 0.379661358597057 0.5690245293782088 0.3884297520661157 0.5708784940102681 0.39125176375730697 0.5663148887621221 0.39125176375730697 0.5606103822019395
0 0.38762346301148964 0.38462635482030805 0.3874218907478331 0.3774957216200799 0.38520459584761135 0.37207644038790644 0.3804676476516831 0.36737022247575585 0.3766377746422092 0.3662293211637193 0.3724047571054223 0.3670849971477467 0.36877645635960493 0.3702224757558471 0.36464422495464627 0.3780661722760981 0.3632332191090506 0.3829150028522533 0.36383793590002017 0.3854820308043354 0.3647450110864745 0.3867655447803765 0.369179600886918 0.3870507701083856 0.3764362023785527 0.39132915002852253 0.381173150574481 0.3914717626925271 0.38611167103406574 0.3887621220764404 0.38762346301148964 0.38462635482030805
0 0.4238056843378351 0.43240159726183686 0.427635557347309 0.4295493439817456 0.4291473493247329 0.42655447803764973 0.43015521064301554 0.42142042213348546 0.42783712961096554 0.41671420422133487 0.4197742390647047 0.4112949229891614 0.4157427937915743 0.4098687963491158 0.4121144930457569 0.4112949229891614 0.41080427333198954 0.41314888762122076 0.4097964120137069 0.416001140901312 0.4097964120137069 0.4219908727895037 0.41201370691392863 0.4319737592698232 0.415642007659746 0.440530519110097 0.4164482967143721 0.440530519110097 0.41957266680104816 0.44038790644609244 0.4238056843378351 0.43240159726183686
0 0.4245111872606329 0.45507701083856245 0.42199153396492645 0.452937820878494 0.4149365047369482 0.44181403308613804 0.4119129207821004 0.44067313177410156 0.4095948397500504 0.4439532230462065 0.40717597258617216 0.45507701083856245 0.4077806893771417 0.4582144894466629 0.4103003426728482 0.4597832287507131 0.42047974198750254 0.46220764403879067 0.42410804273331987 0.460781517398745 0.4245111872606329 0.45507701083856245
0 0.4724853860108849 0.41913861950941245 0.4738963918564805 0.41628636622932114 0.4745011086474501 0.40887050770108385 0.473694819592824 0.3997432972047918 0.47036887724249143 0.39389617798060467 0.4669421487603306 0.39247005134055907 0.4648256399919371 0.39517969195664576 0.46139891150977624 0.40345122646891046 0.4571658939729893 0.4105818596691386 0.45635960491836325 0.41628636622932114 0.4588792582140697 0.4224187107815174 0.4656319290465632 0.4228465487735311 0.46976416045152186 0.42184826012549914 0.4724853860108849 0.41913861950941245
0 0.5053416649868978 0.4644894466628637 0.5055432372505543 0.4604962920707359 0.5043338036686152 0.45279520821448943 0.5013102197137674 0.4439532230462065 0.49818584962709134 0.4381061038220194 0.49435597661761743 0.4392470051340559 0.49002217294900224 0.4468054763262978 0.48941745615803267 0.4499429549343982 0.4902237452126587 0.4547917855105533 0.49223946784922396 0.4604962920707359 0.4969764160451522 0.4671990872789504 0.50231808103205 0.46762692527096406 0.5048377343277565 0.466343411294923 0.5053416649868978 0.4644894466628637
0 0.5158234226970368 0.4807472903593839 0.5172344285426326 0.4721905305191101 0.5161257810925217 0.46605818596691384 0.5058455956460391 0.4654877353108956 0.5020157226365652 0.46805476326297774 0.4979842773634348 0.46805476326297774 0.4940536182221326 0.4710496292070736 0.49606934085869786 0.47789503707929265 0.5 0.4854535082715345 0.5026204394275348 0.48716486023958927 0.50695424309615 0.48730747290359383 0.5135053416649868 0.4840273816314889 0.5158234226970368 0.4807472903593839
0 0.5541221527917759 0.47760981175128353 0.5533158637371498 0.4667712492869367 0.5495867768595041 0.4637763833428408 0.5451521870590607 0.4652025099828865 0.5412215279177586 0.4690530519110097 0.5379963716992542 0.48217341699942956 0.5393065914130216 0.4885909868796349 0.5421286031042128 0.4903023388476897 0.545656117718202 0.4907301768397034 0.5494859907276759 0.48730747290359383 0.5541221527917759 0.47760981175128353
0 0.6272928844990929 0.4279806046776954 0.6301148961902843 0.42142042213348546 0.6311227575085668 0.41628636622932114 0.6301148961902843 0.4102966343411295 0.6275952428945777 0.4067313177410154 0.6241685144124168 0.40530519110096974 0.6195323523483168 0.40616086708499716 0.6135859705704495 0.4165715915573303 0.6121749647248539 0.42113519680547634 0.6123765369885104 0.42256132344552194 0.6181213465027212 0.43011979463776384 0.6197339246119734 0.4315459212778095 0.6212457165893973 0.4314033086138049 0.6239669421487604 0.4312606959498003 0.6272928844990929 0.4279806046776954
0 0.6706309211852449 0.40031374786081003 0.6724450715581536 0.3883342840844267 0.6722434992944971 0.3812036508841985 0.6707317073170732 0.3773531089560753 0.6669018343075993 0.37564175698802055 0.6592420882886515 0.3773531089560753 0.656319290465632 0.3809184255561894 0.6549082846200363 0.3851968054763263 0.6543035678290667 0.39061608670849973 0.6549082846200363 0.3988876212207644 0.6562185043338037 0.401312036508842 0.6590405160249949 0.403593839132915 0.666801048175771 0.4051625784369652 0.6689175569441644 0.40416428978893326 0.6706309211852449 0.40031374786081003
0 0.6770812336222536 0.36066742726754136 0.6778875226768797 0.3535367940673132 0.67728280588591 0.3452652595550485 0.6748639387220319 0.3389903023388477 0.6754686555130014 0.33328579577866513 0.6748639387220319 0.3310039931545921 0.6703285627897602 0.3297204791785511 0.6652892561983471 0.33285795778665145 0.6611570247933884 0.3387050770108386 0.6597460189477928 0.3435539075869937 0.6597460189477928 0.34982886480319453 0.6609554525297319 0.3549629207073588 0.6642813948800645 0.36109526525955504 0.6683128401531949 0.3645179691956646 0.671437210239871 0.3655162578436965 0.673755291271921 0.3645179691956646 0.6770812336222536 0.36066742726754136
0 0.7352348316871599 0.42213348545350826 0.7373513404555533 0.4188533941814033 0.7377544849828663 0.4157159155733029 0.7283813747228381 0.3993154592127781 0.7255593630316468 0.396748431260696 0.7213263454948599 0.3964632059326868 0.7168917556944164 0.39960068454078723 0.7149768191896795 0.40288077581289217 0.7131626688167708 0.4102966343411295 0.7135658133440839 0.4165715915573303 0.7153799637169925 0.4219908727895037 0.717899617012699 0.4255561893896178 0.7211247732312034 0.4278379920136908 0.7264664382181012 0.4279806046776954 0.7295908083047773 0.4269823160296634 0.7352348316871599 0.42213348545350826
0 0.8655513001411006 0.39204221334854533 0.8667607337230397 0.3877638334284084 0.8677685950413223 0.3774957216200799 0.8669623059866962 0.373217341699943 0.8626285023180811 0.3725042783799201 0.8590002015722636 0.374500855675984 0.8563797621447289 0.3742156303479749 0.8511388832896594 0.3679406731317741 0.8473090102801855 0.3659440958357102 0.8398508365248942 0.3719338277239019 0.840153194920379 0.377780946948089 0.8439830679298529 0.3903308613804906 0.8460995766982463 0.3933257273245864 0.8501310219713767 0.3961779806046777 0.8564805482765572 0.39717626925270966 0.8624269300544245 0.39560752994865944 0.8655513001411006 0.39204221334854533
0 0.8786534972787744 0.4302624073017684 0.8786534972787744 0.42541357672561325 0.8768393469058657 0.4219908727895037 0.8721023987099376 0.4161437535653166 0.8662568030638984 0.4161437535653166 0.8628300745817375 0.41814033086138047 0.8617214271316267 0.42341699942954936 0.8617214271316267 0.4282658300057045 0.8627292884499093 0.43282943525385054 0.8670630921185245 0.4369652025099829 0.8752267687966135 0.4376782658300057 0.8774440636968354 0.43596691386195097 0.8786534972787744 0.4302624073017684
0 0.758516428139488 0.31645750142612666 0.755392058052812 0.3103251568739304 0.7443055835517033 0.2997718197375927 0.7412819995968555 0.2977752424415288 0.7380568433783511 0.29806046776953793 0.7371497681918968 0.2990587564175699 0.7361419068736141 0.3044780376497433 0.7348316871598468 0.30633200228180263 0.7338238258415642 0.30718767826583 0.7297923805684338 0.3060467769537935 0.729086877645636 0.3067598402738163 0.7280790163273534 0.310467769537935 0.7284821608546664 0.31417569880205365 0.7306994557548881 0.32187678265830005 0.7336222535779077 0.32515687393040504 0.7372505543237251 0.32743867655447806 0.7425922193106228 0.3275812892184826 0.7568030638984076 0.3220193953223046 0.758516428139488 0.31645750142612666
0 0.8411610562386616 0.3107529948659441 0.8393469058657529 0.3044780376497433 0.8342068131425115 0.3017683970336566 0.8275549284418464 0.3031945236737022 0.826244708728079 0.30618938961779807 0.8284620036283007 0.31531660011409013 0.8313848014513203 0.3177410154021677 0.835920177383592 0.3184540787221905 0.8411610562386616 0.31645750142612666 0.8411610562386616 0.3107529948659441
0 0.5912114493045757 0.333000570450656 0.5922193106228583 0.3275812892184826 0.5908083047772626 0.32187678265830005 0.5880870792178996 0.31688533941814034 0.5844587784720823 0.3163148887621221 0.5762951017939931 0.33214489446662865 0.5742793791574279 0.34412435824301196 0.5765974601894779 0.3462635482030804 0.5807296915944367 0.3466913861950941 0.5850634952630518 0.3442669709070165 0.5912114493045757 0.333000570450656
0 0.5513001411005846 0.32187678265830005 0.5508969965732715 0.3033371363377068 0.5463616206409998 0.2974900171135197 0.5399113082039911 0.29406731317741014 0.534065712557952 0.29264118653736454 0.5304374118121347 0.29406731317741014 0.5257004636162064 0.29962920707358814 0.526305180407176 0.30533371363377065 0.530941342471276 0.31560182544209925 0.5351743600080628 0.3207358813462636 0.5370892965127998 0.3260125499144324 0.5438419673452933 0.3270108385624643 0.5489820600685346 0.32487164860239587 0.5513001411005846 0.32187678265830005
0 0.49667405764966743 0.2887906446092413 0.4964724853860109 0.28308613804905874 0.4939528320903044 0.2786651454649173 0.4901229590808305 0.2786651454649173 0.48004434589800443 0.2852253280091272 0.478330981656924 0.28822019395322307 0.4788349123160653 0.29435253850541926 0.4864946583350131 0.2994865944095836 0.4908284620036283 0.29962920707358814 0.49445676274944567 0.2959212778094695 0.49667405764966743 0.2887906446092413