2 0.251159040516025 0.59312606959498 0.2521669018343076 0.5808613804905876 0.2519653295706511 0.5734455219623502 0.2509574682523685 0.5691671420422133 0.24843781495666195 0.5658870507701084 0.24279379157427938 0.5653166001140901 0.23412618423704898 0.5721620079863092 0.23221124773231203 0.5780091272104962 0.23321910905059465 0.5822875071306332 0.24087885506954243 0.5991158014831717 0.24339850836524896 0.6023958927552767 0.24712759524289457 0.6031089560752995 0.24954646240677283 0.5994010268111808 0.251159040516025 0.59312606959498
2 0.280185446482564 0.5531945236737023 0.28159645232815966 0.5497718197375927 0.2817980245918162 0.543496862521392 0.28058859100987704 0.5383628066172276 0.277867365450514 0.5339418140330862 0.27464220923200966 0.5316600114090131 0.2706107639588793 0.5322304620650313 0.2683934690586575 0.5339418140330862 0.2636565208627293 0.5397889332572733 0.26224551501713367 0.5437820878494011 0.26224551501713367 0.5506274957216201 0.2638580931263858 0.5557615516257843 0.2667808909494054 0.5593268682258985 0.27171941140899014 0.5600399315459212 0.27605321507760533 0.558471192241871 0.280185446482564 0.5531945236737023
2 0.2811933078008466 0.4972903593839133 0.2809917355371901 0.4887335995436395 0.2795807296915944 0.4830290929834569 0.2786736545051401 0.4823160296634341 0.2742390647046966 0.48260125499144324 0.2720217698044749 0.48459783228750714 0.2666801048175771 0.49244152880775816 0.2652690989719815 0.49814603536794066 0.265470671235638 0.500998288648032 0.2675871800040314 0.5054192812321734 0.2706107639588793 0.5071306332002282 0.275146139891151 0.5069880205362236 0.2787744406369684 0.5041357672561323 0.2811933078008466 0.4972903593839133
2 0.30074581737552913 0.4992869366799772 0.3019552509574683 0.4950085567598403 0.3051804071759726 0.47789503707929265 0.3058859100987704 0.46463205932686824 0.3020560370892965 0.46406160867084995 0.2982261640798226 0.4671990872789504 0.2941947188066922 0.46833998859098686 0.28875226768796614 0.4737592698231603 0.28361217496472485 0.4827438676554478 0.28260431364644223 0.49044495151169426 0.2830074581737553 0.49472333143183117 0.28441846401935095 0.49786081003993155 0.2891554122152792 0.5031374786081004 0.29510179399314657 0.5038505419281232 0.2988308808707922 0.5019965772960638 0.30074581737552913 0.4992869366799772
2 0.27111469461802057 0.45365088419851685 0.28079016327353357 0.4385339418140331 0.28230195525095747 0.432686822589846 0.2742390647046966 0.4286936679977182 0.2633541624672445 0.432686822589846 0.2586172142713163 0.438248716486024 0.25660149163475104 0.44338277239018825 0.2570046361620641 0.4522247575584712 0.2595242894577706 0.4569309754706218 0.2621447288853054 0.45835710211066744 0.2644628099173554 0.4582144894466629 0.2667808909494054 0.4577866514546492 0.27111469461802057 0.45365088419851685
2 0.34700665188470065 0.5467769537934969 0.3497278774440637 0.5406446092413006 0.3513404555533159 0.5332287507130633 0.35113888328965936 0.5269537934968626 0.34932473291675065 0.5218197375926983 0.34559564603910503 0.517969195664575 0.34196734529328765 0.5165430690245294 0.33733118322918765 0.5173987450085568 0.33531546059262246 0.5188248716486024 0.333198951824229 0.521534512264689 0.3311832291876638 0.5272390188248717 0.3309816569240073 0.5349401026811181 0.3334005240878855 0.5452082144894467 0.3357186051199355 0.549343981745579 0.3384398306792985 0.5497718197375927 0.34297520661157027 0.5490587564175698 0.34700665188470065 0.5467769537934969
2 0.36464422495464627 0.5748716486023959 0.36665994759121145 0.5666001140901312 0.36645837532755493 0.5603251568739304 0.36444265269098974 0.552624073017684 0.3607135658133441 0.5456360524814603 0.35768998185849626 0.5444951511694238 0.3512396694214876 0.547062179121506 0.34791372707115503 0.552624073017684 0.3458980044345898 0.5606103822019395 0.3450917153799637 0.5700228180262408 0.34569643217093327 0.5765830005704506 0.3468050796210441 0.57843696520251 0.3530538197943963 0.5818596691386195 0.35698447893569846 0.582002281802624 0.3601088490223745 0.580718767826583 0.36464422495464627 0.5748716486023959
2 0.37855271114694616 0.5968339988590987 0.38077000604716793 0.5934112949229892 0.38218101189276354 0.5859954363947518 0.38520459584761135 0.5825727324586423 0.38167708123362226 0.5770108385624644 0.37845192501511793 0.576155162578437 0.3677685950413223 0.5767256132344553 0.36434186655916145 0.5792926411865373 0.36182221326345493 0.5848545350827153 0.36081435194517236 0.5939817455790074 0.36444265269098974 0.6039646320593268 0.36877645635960493 0.607529948659441 0.3731102600282201 0.6076725613234455 0.376940133037694 0.6048203080433543 0.37855271114694616 0.5968339988590987
2 0.3909494053618222 0.6386195094124358 0.3950816367667809 0.6324871648602396 0.39629107034872 0.6282087849401027 0.3950816367667809 0.6213633770678836 0.38832896593428745 0.6129492298916144 0.384297520661157 0.6132344552196235 0.3826849425519049 0.61437535653166 0.3790566418060875 0.6172276098117513 0.3773432775650071 0.6210781517398745 0.3781495666196331 0.62906446092413 0.3805684337835114 0.637906446092413 0.3845998790566418 0.6413291500285225 0.3887321104616005 0.6403308613804906 0.3909494053618222 0.6386195094124358
2 0.40919169522273735 0.6689960068454078 0.4095948397500504 0.6607244723331431 0.4079822616407982 0.6501711351968055 0.403648457972183 0.6428978893325727 0.40002015722636564 0.6414717626925271 0.3953839951622657 0.6431831146605819 0.3923604112074179 0.6454649172846548 0.38963918564805483 0.6493154592127781 0.3841967345293288 0.6621505989731888 0.38318887321104617 0.6655733029092984 0.3835920177383592 0.6698516828294353 0.384297520661157 0.6717056474614945 0.38913525498891355 0.6742726754135767 0.40415238863132436 0.6755561893896178 0.40788147550896997 0.6734169994295494 0.40919169522273735 0.6689960068454078
2 0.32563999193710946 0.6600114090131204 0.3273533561781899 0.6575869937250428 0.32795807296915946 0.6541642897889333 0.32634549485990727 0.6496006845407872 0.3230195525095747 0.6448944666286366 0.3137472283813747 0.6349115801483172 0.31032049989921384 0.632344552196235 0.30608748236242694 0.6326297775242442 0.3013505341664987 0.6418996006845408 0.2985285224753074 0.6541642897889333 0.2987300947389639 0.6592983456930975 0.29913323926627694 0.6610096976611524 0.30225760935295304 0.6645750142612664 0.30628905462608347 0.6662863662293211 0.31142914734932475 0.6664289788933258 0.31415037290868775 0.666001140901312 0.32563999193710946 0.6600114090131204
2 0.35617818988107236 0.7160581859669138 0.3585970570449506 0.7097832287507131 0.35980649062688974 0.7012264689104393 0.35980649062688974 0.6926697090701655 0.35900020157226364 0.6883913291500285 0.3557750453537593 0.6809754706217912 0.3530538197943963 0.6774101540216771 0.3489215883894376 0.6798345693097547 0.3422697036887724 0.6935253850541928 0.33964926426123765 0.7049343981745579 0.3392461197339246 0.7103536794067313 0.3408586978431768 0.7160581859669138 0.34277363434791375 0.7187678265830005 0.3453940737754485 0.7204791785510554 0.35093731102600284 0.720907016543069 0.3532553920580528 0.7204791785510554 0.35617818988107236 0.7160581859669138
2 0.31808103204998994 0.7380205362236166 0.3178794597863334 0.7326012549914432 0.3133440838540617 0.7304620650313748 0.3097157831082443 0.7233314318311466 0.3066921991533965 0.7213348545350827 0.30165289256198347 0.7216200798630918 0.29842773634347913 0.7239018824871648 0.29409393267486394 0.7314603536794068 0.2930860713565813 0.7374500855675984 0.2928844990929248 0.7440102681118084 0.294497077202177 0.75 0.29782301955250956 0.7529948659440958 0.30296311227575085 0.7531374786081004 0.3095142108445878 0.7487164860239589 0.31808103204998994 0.7380205362236166
2 0.3724047571054223 0.7344552196235026 0.37431969361015927 0.7280376497432972 0.37169925418262445 0.7089275527666857 0.37038903446885707 0.7062179121505989 0.36897802862326146 0.7053622361665716 0.35829469864946584 0.7099258414147176 0.3549687562991332 0.7166286366229321 0.35396089498085065 0.7206217912150599 0.3545656117718202 0.7277524244152881 0.3557750453537593 0.7311751283513976 0.3601088490223745 0.7361665715915573 0.3654505140092723 0.7383057615516257 0.3685748840959484 0.7378779235596121 0.3724047571054223 0.7344552196235026
2 0.4314654303567829 0.6257843696520251 0.4372102398709938 0.6162293211637193 0.43590002015722634 0.6103822019395322 0.42400725660149163 0.6012549914432401 0.41957266680104816 0.6012549914432401 0.4163475105825438 0.6041072447233314 0.4140294295504939 0.6119509412435824 0.41382785728683735 0.6216486023958927 0.4148357186051199 0.6273531089560753 0.41654908284620035 0.6309184255561894 0.41957266680104816 0.6329150028522533 0.42108445877847206 0.6327723901882487 0.4236041120741786 0.6326297775242442 0.4314654303567829 0.6257843696520251
2 0.40415238863132436 0.7936394751853965 0.4049586776859504 0.7782373074729035 0.40405160249949607 0.7743867655447804 0.3998185849627091 0.771534512264689 0.39417456158032654 0.7712492869366799 0.38449909292481355 0.7755276668568168 0.37996371699254183 0.7802338847689675 0.37915742793791574 0.7830861380490588 0.38288651481556135 0.7937820878494011 0.3927635557347309 0.8014831717056474 0.39619028421689173 0.8031945236737023 0.40032251562185045 0.8036223616657159 0.40253981052207216 0.8007701083856247 0.40415238863132436 0.7936394751853965
2 0.4464825639991937 0.7442954934398175 0.44789356984478934 0.7385909868796349 0.44728885305381977 0.7277524244152881 0.4431566216488611 0.7124928693667998 0.43831888732110463 0.7176269252709641 0.4314654303567829 0.7201939532230462 0.4283410602701068 0.7271819737592699 0.42773634347913725 0.732030804335425 0.42773634347913725 0.7383057615516257 0.4302559967748438 0.7447233314318311 0.4352953033662568 0.7481460353679407 0.4404353960894981 0.7480034227039362 0.4449707720217698 0.746434683399886 0.4464825639991937 0.7442954934398175
2 0.4730901028018545 0.7377353108956075 0.4753073977020762 0.7266115231032516 0.4714775246926023 0.7194808899030234 0.46684136262850234 0.7063605248146035 0.4649264261237654 0.7036508841985168 0.4627091312235436 0.7027952082144895 0.46059262245515015 0.7049343981745579 0.45777061076395886 0.7106389047347405 0.45635960491836325 0.7326012549914432 0.4587784720822415 0.7417284654877353 0.4627091312235436 0.7455790074158585 0.4646240677282806 0.745436394751854 0.46653900423301753 0.7447233314318311 0.4730901028018545 0.7377353108956075
2 0.47500503930659144 0.7743867655447804 0.47722233420681315 0.7729606389047348 0.48095142108445876 0.7671135196805476 0.4859907276758718 0.7554192812321734 0.48619229993952834 0.7494295493439818 0.4835718605119935 0.74343981745579 0.4788349123160653 0.7381631488876212 0.4748034670429349 0.7361665715915573 0.470973594033461 0.7390188248716486 0.4658335013102197 0.7457216200798631 0.4628099173553719 0.7548488305761551 0.46220520056440234 0.7605533371363377 0.46422092320096753 0.7713918996006845 0.466337431969361 0.7755276668568168 0.46744607941947186 0.7756702795208215 0.47036887724249143 0.7743867655447804 0.47500503930659144 0.7743867655447804
2 0.5039306591413022 0.7383057615516257 0.5035275146139891 0.7257558471192241 0.5020157226365652 0.7179121505989732 0.49858899415440433 0.7181973759269823 0.49677484378149567 0.7207644038790645 0.4925418262447087 0.7236166571591557 0.48639387220318486 0.7337421563034797 0.48377343277565005 0.74343981745579 0.48790566418060877 0.7512835139760411 0.4941544043539609 0.7552766685681689 0.49828663575891957 0.7554192812321734 0.5021165087683934 0.7480034227039362 0.5039306591413022 0.7383057615516257
2 0.541423100181415 0.763405590416429 0.5416246724450715 0.7579863091842556 0.5400120943358194 0.7502852253280091 0.5341664986897803 0.7397318881916715 0.529832695021165 0.7347404449515117 0.5260028220116912 0.7327438676554479 0.5227776657931869 0.7338847689674843 0.5172344285426326 0.7394466628636623 0.5152187059060673 0.7554192812321734 0.5172344285426326 0.7605533371363377 0.5217698044749043 0.7658300057045065 0.5292279782301955 0.7695379349686252 0.5335617818988108 0.7696805476326298 0.539105019149365 0.7675413576725614 0.541423100181415 0.763405590416429
2 0.5733723039709736 0.7766685681688534 0.577806893771417 0.7746719908727895 0.5799234025398106 0.7716771249286937 0.5799234025398106 0.7659726183685112 0.5765974601894779 0.7618368511123788 0.5691392864341867 0.7564175698802054 0.5620842572062085 0.7518539646320593 0.5600685345696432 0.7515687393040502 0.5567425922193107 0.754563605248146 0.5551300141100585 0.7599828864803194 0.5541221527917759 0.7733884768967484 0.5545252973190888 0.7770964061608671 0.556137875428341 0.7810895607529948 0.5609756097560976 0.7839418140330862 0.5661157024793388 0.7826583000570451 0.5733723039709736 0.7766685681688534
2 0.6387825035275146 0.8161722760981175 0.6385809312638581 0.8136052481460354 0.6310219713767385 0.7986309184255562 0.625377947994356 0.793496862521392 0.6201370691392865 0.7932116371933827 0.6168111267889539 0.7964917284654878 0.614190687361419 0.8044780376497433 0.6135859705704495 0.810467769537935 0.6143922596250756 0.8158870507701084 0.6158032654706712 0.819594980034227 0.6181213465027212 0.8225898459783229 0.6227575085668212 0.8245864232743868 0.6264865954444668 0.8244438106103822 0.6372707115500907 0.8183114660581859 0.6387825035275146 0.8161722760981175
2 0.6941140899012296 0.8080433542498574 0.6962305986696231 0.8044780376497433 0.6974400322515621 0.7990587564175698 0.696633743196936 0.7942099258414147 0.6928038701874623 0.7825156873930404 0.690788147550897 0.7796634341129492 0.6879661358597057 0.772532800912721 0.6856480548276557 0.7706788362806617 0.6826244708728079 0.7721049629207074 0.6799032453134448 0.7776668568168853 0.676879661358597 0.7936394751853965 0.6764765168312841 0.7999144324015972 0.6774843781495666 0.8044780376497433 0.6802056037089297 0.8083285795778665 0.683833904454747 0.8103251568739304 0.6879661358597057 0.8107529948659441 0.6910905059463818 0.8103251568739304 0.6941140899012296 0.8080433542498574
2 0.7661761741584358 0.8107529948659441 0.7661761741584358 0.8041928123217341 0.7647651683128401 0.7973474044495151 0.7629510179399315 0.79249857387336 0.7592219310622859 0.7872219053051911 0.7533763354162467 0.7855105533371364 0.7503527514613989 0.7866514546491729 0.7480346704293489 0.7885054192812322 0.7456158032654707 0.7936394751853965 0.7452126587381577 0.7999144324015972 0.7464220923200967 0.8044780376497433 0.749244104011288 0.8107529948659441 0.7537794799435598 0.8177410154021677 0.7611368675670228 0.8235881346263548 0.7649667405764967 0.8161722760981175 0.7661761741584358 0.8107529948659441
2 0.5863737149768192 0.7377353108956075 0.5877847208224148 0.7326012549914432 0.5863737149768192 0.7214774671990872 0.5838540616811126 0.7167712492869367 0.5802257609352953 0.7147746719908727 0.5765974601894779 0.7162007986309185 0.5709534368070953 0.7253280091272105 0.5682322112477323 0.7271819737592699 0.5682322112477323 0.7326012549914432 0.5715581535980649 0.7350256702795208 0.5765974601894779 0.7415858528237308 0.5807296915944367 0.7420136908157444 0.5848619229993953 0.739874500855676 0.5863737149768192 0.7377353108956075
2 0.6196331384801451 0.7183399885909869 0.6210441443257407 0.7103536794067313 0.6204394275347712 0.7046491728465488 0.6186252771618626 0.700656018254421 0.6090505946381778 0.688533941814033 0.6048175771013908 0.6871078151739874 0.6011892763555735 0.6879634911580148 0.5996774843781496 0.689532230462065 0.5980649062688974 0.6938106103822019 0.5998790566418061 0.7160581859669138 0.6022979238056844 0.720907016543069 0.6056238661560169 0.7244723331431832 0.6080427333198952 0.7261836851112379 0.6117718201975408 0.7260410724472333 0.6159040516024995 0.7233314318311466 0.6196331384801451 0.7183399885909869
2 0.6238661560169321 0.7531374786081004 0.6250755895988712 0.7494295493439818 0.6250755895988712 0.7437250427837993 0.6219512195121951 0.7367370222475755 0.6193307800846604 0.7347404449515117 0.6157024793388429 0.7338847689674843 0.6116710340657125 0.7350256702795208 0.608748236242693 0.7383057615516257 0.6073372303970973 0.7431545921277809 0.6073372303970973 0.7465772960638904 0.6081435194517234 0.7514261266400456 0.6115702479338843 0.7577010838562465 0.6155009070751865 0.7604107244723332 0.6168111267889539 0.7602681118083285 0.6197339246119734 0.7595550484883058 0.6238661560169321 0.7531374786081004
2 0.6744607941947188 0.7160581859669138 0.6730497883491232 0.7103536794067313 0.6730497883491232 0.7057900741585853 0.6748639387220319 0.7040787221905305 0.676879661358597 0.6998003422703936 0.6784922394678492 0.6938106103822019 0.67728280588591 0.6829720479178552 0.6752670832493449 0.673844837421563 0.6713364241080427 0.667997718197376 0.6679096956258819 0.6665715915573303 0.6630719612981254 0.667997718197376 0.6590405160249949 0.6708499714774672 0.6549082846200363 0.6772675413576725 0.6549082846200363 0.6872504278379921 0.6587381576295102 0.6938106103822019 0.651683128401532 0.7020821448944666 0.6498689780286233 0.7103536794067313 0.6510784116105623 0.7180547632629778 0.6523886313243298 0.7199087278950371 0.6548074984882081 0.7210496292070736 0.6633743196936102 0.7211922418710781 0.6707317073170732 0.7201939532230462 0.6744607941947188 0.7160581859669138
2 0.6740576496674058 0.7160581859669138 0.6728482160854666 0.709498003422704 0.6774843781495666 0.6995151169423844 0.6778875226768797 0.6881061038220194 0.6764765168312841 0.6775527666856817 0.6744607941947188 0.67156303479749 0.6705301350534166 0.6671420422133485 0.6660955452529732 0.6665715915573303 0.6626688167708124 0.667997718197376 0.656319290465632 0.6741300627495722 0.6549082846200363 0.6778379920136908 0.6549082846200363 0.6878208784940103 0.6587381576295102 0.694095835710211 0.6593428744204798 0.6975185396463206 0.6607538802660754 0.6995151169423844 0.6588389437613384 0.7005134055904164 0.6560169320701471 0.6985168282943526 0.654001209433582 0.6990872789503708 0.6510784116105623 0.7040787221905305 0.6502721225559362 0.7086423274386765 0.6506752670832493 0.7160581859669138 0.6515823422697037 0.7184826012549914 0.6546059262245515 0.7204791785510554 0.6629711751662971 0.7214774671990872 0.6709332795807297 0.7193382772390188 0.6740576496674058 0.7160581859669138
2 0.6673049788349124 0.6160867084997148 0.6692199153396493 0.6099543639475186 0.6676073372303971 0.6033941814033086 0.6646845394073776 0.5969766115231032 0.6618625277161863 0.5938391329150029 0.659443660552308 0.5926982316029663 0.6548074984882081 0.5929834569309754 0.6511791977423906 0.5958357102110667 0.6490626889739972 0.599971477467199 0.6480548276557145 0.6045350827153452 0.6484579721830276 0.6156588705077011 0.6511791977423906 0.6203650884198517 0.6593428744204798 0.6205077010838562 0.6636766780890949 0.618938961779806 0.6673049788349124 0.6160867084997148
2 0.6825236847409797 0.6068168853394181 0.6833299737956057 0.6005419281232174 0.6827252570046362 0.5951226468910439 0.681515823422697 0.5919851682829436 0.6785930255996775 0.5884198516828294 0.6753678693811731 0.587564175698802 0.6697238459987905 0.5881346263548203 0.6671034065712558 0.5901312036508842 0.6649868978028624 0.5936965202509983 0.6653900423301754 0.5979749001711352 0.6702277766579319 0.6116657159155733 0.6731505744809514 0.6146605818596691 0.6752670832493449 0.6150884198516828 0.6783914533360209 0.6140901312036509 0.6825236847409797 0.6068168853394181
2 0.7907679903245314 0.6219338277239019 0.7907679903245314 0.6105248146035368 0.7890546260834509 0.6058185966913862 0.7848216085466639 0.6023958927552767 0.780588591009877 0.6012549914432401 0.7686958274541423 0.602966343411295 0.7657730296311227 0.6051055333713634 0.7673856077403749 0.6099543639475186 0.7745414231001814 0.6217912150598973 0.780588591009877 0.6266400456360525 0.7851239669421488 0.6284940102681118 0.7886514815561378 0.6266400456360525 0.7907679903245314 0.6219338277239019
2 0.8097157831082443 0.6304905875641758 0.8133440838540617 0.6216486023958927 0.8137472283813747 0.6159440958357102 0.811933078008466 0.6108100399315459 0.8061882684942552 0.6041072447233314 0.8013505341664987 0.600969766115231 0.7965127998387422 0.6006845407872219 0.7938923604112074 0.6023958927552767 0.7911711348518444 0.6062464346833999 0.7907679903245314 0.617655447803765 0.7956057246522878 0.6381916714204221 0.7973190888933682 0.6400456360524814 0.8002418867163879 0.6410439247005134 0.8035678290667204 0.638904734740445 0.8097157831082443 0.6304905875641758
2 0.8451925015117919 0.6724187107815174 0.8433783511388833 0.6598687963491158 0.8406571255795202 0.654592127780947 0.8358193912517637 0.6508841985168283 0.8311832291876637 0.6497432972047917 0.8273533561781898 0.6511694238448374 0.823120338641403 0.6563034797490017 0.8179802459181617 0.660439247005134 0.8236242693005442 0.6752709640616087 0.8275549284418464 0.6805476326297776 0.8354162467244507 0.6862521391899601 0.8399516226567224 0.6861095265259555 0.8437814956661963 0.6829720479178552 0.8451925015117919 0.6724187107815174
2 0.7895585567425922 0.5882772390188249 0.7885506954243097 0.5817170564746149 0.7844184640193509 0.5755847119224187 0.78099173553719 0.5730176839703366 0.7765571457367466 0.5727324586423275 0.7739367063092119 0.5741585852823731 0.772424914331788 0.5765830005704506 0.7712154807498488 0.5828579577866515 0.7708123362225358 0.5888476896748431 0.7722233420681315 0.5959783228750714 0.774742995363838 0.600969766115231 0.7766579318685749 0.601968054763263 0.7799838742189075 0.6003993154592128 0.7895585567425922 0.5882772390188249
2 0.7758516428139488 0.5383628066172276 0.7804878048780488 0.528094694808899 0.7800846603507358 0.5221049629207074 0.7765571457367466 0.5171135196805476 0.7727272727272727 0.5148317170564746 0.7674863938722032 0.5142612664004563 0.7632533763354162 0.5159726183685112 0.7609352953033662 0.5201083856246435 0.7607337230397098 0.5232458642327439 0.7647651683128401 0.5412150598973189 0.7674863938722032 0.5439247005134056 0.7738359201773836 0.5440673131774102 0.7752469260229793 0.5429264118653736 0.7758516428139488 0.5383628066172276
2 0.8268494255190486 0.5395037079292642 0.8270509977827051 0.5323730747290359 0.826244708728079 0.5300912721049629 0.8156621648861117 0.5139760410724472 0.8114291473493247 0.5116942384483743 0.8078008466035074 0.5114090131203651 0.8057851239669421 0.5125499144324016 0.8038701874622052 0.5152595550484883 0.8024591816166096 0.5212492869366799 0.802660753880266 0.5275242441528808 0.8038701874622052 0.5312321734169995 0.8116307196129813 0.54249857387336 0.8160653094134247 0.5456360524814603 0.8206006853456964 0.5463491158014832 0.8245313444869986 0.5444951511694238 0.8268494255190486 0.5395037079292642
2 0.7419875025196533 0.5377923559612093 0.7425922193106228 0.5260981175128352 0.7415843579923402 0.5223901882487165 0.7382584156420077 0.515687393040502 0.7332191090505946 0.5114090131203651 0.7305986696230599 0.5102681118083285 0.7255593630316468 0.511123787792356 0.7222334206813142 0.5161152310325157 0.7212255593630317 0.521534512264689 0.7216287038903447 0.5272390188248717 0.7234428542632534 0.5323730747290359 0.7293892360411207 0.5410724472333143 0.7332191090505946 0.5433542498573873 0.7377544849828663 0.5432116371933827 0.7400725660149163 0.5416428978893326 0.7419875025196533 0.5377923559612093
2 0.7365450514009272 0.4761836851112379 0.7375529127192099 0.47162007986309185 0.7373513404555533 0.46334854535082715 0.7359403346099577 0.458499714774672 0.7334206813142512 0.45436394751853965 0.7297923805684338 0.4515116942384484 0.7253577907679903 0.4515116942384484 0.719814553517436 0.45536223616657157 0.7175972586172142 0.46021106674272677 0.7175972586172142 0.46734169994295494 0.71900826446281 0.47190530519110097 0.7255593630316468 0.4814603536794067 0.7285829469864946 0.4831717056474615 0.7315057448095142 0.4830290929834569 0.7334206813142512 0.4823160296634341 0.7365450514009272 0.4761836851112379
2 0.768595041322314 0.4442384483742156 0.7691997581132836 0.4385339418140331 0.7673856077403749 0.42741015402167715 0.7640596653900423 0.42156303479749 0.7608345091715379 0.4189960068454079 0.7529731908889337 0.41985168282943525 0.7501511791977424 0.42184826012549914 0.7468252368474098 0.4285510553337136 0.7460189477927837 0.4325442099258414 0.7468252368474098 0.438248716486024 0.748840959483975 0.44281232173417 0.7529731908889337 0.4475185396463206 0.7566014916347511 0.4498003422703936 0.7613384398306793 0.4502281802624073 0.7650675267083249 0.4492298916143754 0.768595041322314 0.4442384483742156
2 0.8127393670630921 0.4279806046776954 0.8151582342269704 0.4217056474614946 0.8153598064906269 0.4100114090131204 0.8145535174360008 0.4051625784369652 0.8116307196129813 0.4007415858528237 0.8080024188671638 0.399030233884769 0.8039709735940335 0.3987450085567598 0.7989316670026204 0.4007415858528237 0.7950010078613183 0.4051625784369652 0.7937915742793792 0.4100114090131204 0.7960088691796009 0.4262692527096406 0.800342672848216 0.4318311466058186 0.8035678290667204 0.4332572732458642 0.8099173553719008 0.4333998859098688 0.8121346502721225 0.43282943525385054 0.8127393670630921 0.4279806046776954
2 0.8064906268897399 0.3883342840844267 0.8085063495263052 0.38262977752424415 0.8079016327353357 0.3774957216200799 0.8015521064301552 0.3679406731317741 0.7999395283209031 0.3667997718197376 0.7963112275750857 0.3682258984597832 0.7914734932473292 0.372219053051911 0.7897601290062487 0.3774957216200799 0.7960088691796009 0.39004563605248144 0.8002418867163879 0.39289788933257275 0.8041725458576899 0.39161437535653165 0.8064906268897399 0.3883342840844267
2 0.7542834106027011 0.39318311466058187 0.7544849828663576 0.3877638334284084 0.7532755492844184 0.3809184255561894 0.7493448901431163 0.3787792355961209 0.7420882886514816 0.37992013690815746 0.7362426930054424 0.3822019395322305 0.7333198951824229 0.3860524814603537 0.7329167506551099 0.38861950941243584 0.7339246119733924 0.39432401597261835 0.7393670630921185 0.4040216771249287 0.741483571860512 0.4064460924130063 0.7460189477927837 0.4071591557330291 0.7496472485386011 0.40487735310895606 0.7542834106027011 0.39318311466058187
2 0.7806893771417053 0.2405875641756988 0.7806893771417053 0.2331717056474615 0.7760532150776053 0.2166286366229321 0.772828058859101 0.21006845407872218 0.7688973997177988 0.20992584141471762 0.7655714573674662 0.2166286366229321 0.7641604515218706 0.2226183685111238 0.763555734730901 0.2268967484312607 0.7641604515218706 0.23830576155162578 0.7647651683128401 0.24030233884768967 0.7670832493448901 0.24244152880775813 0.7750453537593227 0.24343981745579008 0.7789760129006249 0.24244152880775813 0.7806893771417053 0.2405875641756988
2 0.7155815359806491 0.34982886480319453 0.7139689578713969 0.34041642897889335 0.7087280790163274 0.3275812892184826 0.7058052811933078 0.32344552196235027 0.70278169723846 0.32230462065031373 0.6983471074380165 0.32344552196235027 0.6951219512195121 0.32658300057045064 0.6924007256601492 0.3327153451226469 0.6917960088691796 0.33756417569880204 0.6924007256601492 0.3444095835710211 0.6938117315057448 0.34783228750713063 0.6979439629107035 0.3525385054192812 0.7033864140294296 0.3553907586993725 0.71437210239871 0.3555333713633771 0.7153799637169925 0.3552481460353679 0.7155815359806491 0.34982886480319453
2 0.6764765168312841 0.3817741015402168 0.67728280588591 0.36066742726754136 0.6745615803265471 0.3585282373074729 0.6705301350534166 0.36138049058756416 0.6614593831888732 0.36337706788362806 0.6583350131021971 0.36694238448374217 0.657125579520258 0.3717912150598973 0.657528724047571 0.3769252709640616 0.6602499496069341 0.38334284084426695 0.6664986897802863 0.3899030233884769 0.6712356379762144 0.3903308613804906 0.6746623664583753 0.3874786081003993 0.6764765168312841 0.3817741015402168
2 0.6595444466841363 0.2984883057615516 0.6613585970570449 0.2942099258414147 0.6609554525297319 0.2876497432972048 0.6588389437613384 0.2840844266970907 0.6471477524692603 0.273531089560753 0.6398911509776255 0.27124928693668 0.6372707115500907 0.27210496292070735 0.6359604918363233 0.27766685681688535 0.6397903648457972 0.2887906446092413 0.6461398911509776 0.3009127210496292 0.6501713364241081 0.30433542498573873 0.652086272928845 0.3044780376497433 0.655210643015521 0.3037649743297205 0.6595444466841363 0.2984883057615516
2 0.5867768595041323 0.36580148317170563 0.5885910098770409 0.3612378779235596 0.5885910098770409 0.3555333713633771 0.5871800040314453 0.350969766115231 0.5844587784720823 0.34711922418710783 0.5806289054626084 0.3442669709070165 0.5757911711348519 0.3436965202509983 0.572767587180004 0.3448374215630348 0.569643217093328 0.348687963491158 0.5672243499294497 0.35439247005134056 0.5682322112477323 0.3717912150598973 0.5698447893569845 0.3774957216200799 0.5728683733118323 0.3792070735881346 0.5828462003628301 0.3719338277239019 0.5867768595041323 0.36580148317170563
2 0.6353557750453538 0.45079863091842554 0.6371699254182625 0.4439532230462065 0.6365652086272929 0.4388191671420422 0.6348518443862124 0.43582430119794635 0.6306188268494255 0.4312606959498003 0.6263858093126385 0.4295493439817456 0.6239669421487604 0.4306902452937821 0.6196331384801451 0.4385339418140331 0.6170126990526104 0.44965772960638906 0.6197339246119734 0.4592127780946948 0.6239669421487604 0.4632059326868226 0.627696029026406 0.46334854535082715 0.6305180407175972 0.46021106674272677 0.6353557750453538 0.45079863091842554
2 0.6119733924611973 0.5266685681688534 0.6125781092521669 0.5135482030804336 0.6112678895383995 0.5079863091842556 0.6088490223745213 0.50656018254421 0.5961499697641605 0.5068454078722191 0.5906067325136062 0.5104107244723332 0.5898004434589801 0.5161152310325157 0.5927232412819996 0.522532800912721 0.5987704091916952 0.5276668568168853 0.6085466639790365 0.5298060467769538 0.61066317274743 0.5288077581289219 0.6119733924611973 0.5266685681688534
2 0.6395887925821407 0.5777239018824871 0.6391856480548277 0.5737307472903593 0.6367667808909494 0.5671705647461495 0.6373714976819189 0.5588990302338848 0.635859705704495 0.5547632629777525 0.6314251159040516 0.5570450656018254 0.6239669421487604 0.558471192241871 0.620741785930256 0.560467769537935 0.6176174158435799 0.5654592127780947 0.6164079822616408 0.5711637193382773 0.6174158435799234 0.5791500285225328 0.6191292078210038 0.5821448944666286 0.6249748034670429 0.5861380490587564 0.6281999596855473 0.5907016543069025 0.6315259020358799 0.5916999429549344 0.6361620640999799 0.5874215630347975 0.6395887925821407 0.5777239018824871
2 0.6292078210038299 0.6049629207073588 0.6307196129812538 0.599971477467199 0.6285023180810321 0.5894181403308614 0.625377947994356 0.5852823730747291 0.6199354968756299 0.5821448944666286 0.6159040516024995 0.5844266970907016 0.6135859705704495 0.5882772390188249 0.6093529530336625 0.6039646320593268 0.6099576698246322 0.6071021106674273 0.6114694618020561 0.6095265259555048 0.6162064099979843 0.611095265259555 0.6197339246119734 0.6103822019395322 0.6292078210038299 0.6049629207073588
2 0.6081435194517234 0.5714489446662864 0.6095545252973191 0.5657444381061039 0.6026002822011691 0.5547632629777525 0.5999798427736344 0.5521962350256703 0.5957468252368474 0.5513405590416429 0.5927232412819996 0.5533371363377068 0.5898004434589801 0.5588990302338848 0.5891957266680105 0.5628921848260126 0.5895988711953235 0.5714489446662864 0.5910098770409191 0.5765830005704506 0.5943358193912518 0.5818596691386195 0.5957468252368474 0.583000570450656 0.6004837734327757 0.5828579577866515 0.6043136464422495 0.5788648031945237 0.6081435194517234 0.5714489446662864
2 0.5830477726264865 0.5456360524814603 0.5845595646039105 0.5437820878494011 0.5857689981858496 0.5383628066172276 0.5853658536585366 0.5323730747290359 0.5825438419673453 0.5229606389047348 0.5798226164079823 0.5188248716486024 0.5765974601894779 0.5168282943525385 0.5725660149163475 0.5173987450085568 0.5675267083249345 0.5216771249286937 0.5615803265470671 0.5326583000570451 0.5615803265470671 0.5383628066172276 0.5665188470066519 0.5447803764974329 0.5689377141705302 0.547062179121506 0.575085668212054 0.5474900171135196 0.5806289054626084 0.547062179121506 0.5830477726264865 0.5456360524814603
2 0.5867768595041323 0.5129777524244152 0.5869784317677887 0.4992869366799772 0.5853658536585366 0.4941528807758129 0.5836524894174562 0.4917284654877353 0.5806289054626084 0.4897318881916714 0.5765974601894779 0.4897318881916714 0.5722636565208628 0.494438106103822 0.5710542229389236 0.4995721620079863 0.5710542229389236 0.505561893896178 0.5724652287845192 0.5118368511123788 0.5745817375529128 0.5151169423844837 0.5809312638580931 0.5192527096406161 0.5844587784720823 0.5176839703365659 0.5867768595041323 0.5129777524244152
2 0.5873815762951018 0.644466628636623 0.5877847208224148 0.6370507701083856 0.5867768595041323 0.6322019395322305 0.5830477726264865 0.6272104962920707 0.5765974601894779 0.6229321163719338 0.5729691594436606 0.6220764403879064 0.5689377141705302 0.6226468910439247 0.5680306389840758 0.6256417569880205 0.5686353557750453 0.6396177980604678 0.5710542229389236 0.6493154592127781 0.573170731707317 0.652595550484883 0.5761943156621648 0.6548773531089561 0.5807296915944367 0.6547347404449515 0.5849627091312235 0.6507415858528237 0.5873815762951018 0.644466628636623
2 0.5345696432170933 0.6632915002852253 0.536383793590002 0.6553051911009697 0.5361822213263455 0.649030233884769 0.5347712154807498 0.6436109526525956 0.5316468453940738 0.6380490587564176 0.528220116911913 0.6354820308043354 0.5245918161660955 0.6349115801483172 0.5219713767385608 0.6363377067883628 0.5176375730699456 0.642470051340559 0.5160249949606934 0.6553051911009697 0.5192501511791977 0.6661437535653166 0.5221729490022173 0.6694238448374216 0.526708324934489 0.6704221334854535 0.5302358395484781 0.6694238448374216 0.5345696432170933 0.6632915002852253
2 0.5319492037895586 0.6156588705077011 0.5351743600080628 0.6059612093553908 0.5345696432170933 0.5968339988590987 0.5331586373714977 0.59312606959498 0.5296311227575086 0.5889903023388476 0.5255996774843782 0.5889903023388476 0.5215682322112477 0.5921277809469481 0.5177383592017738 0.591842555618939 0.517032856278976 0.5936965202509983 0.5176375730699456 0.6002567027952083 0.5162265672243499 0.6093839132915003 0.517032856278976 0.6159440958357102 0.5209635154202782 0.6206503137478608 0.5257004636162064 0.6213633770678836 0.5292279782301955 0.6192241871078151 0.5319492037895586 0.6156588705077011
2 0.5113888328965934 0.5782943525385055 0.5113888328965934 0.5708784940102681 0.5099778270509978 0.5643183114660582 0.5060471679096956 0.5587564175698803 0.5028220116911913 0.5576155162578437 0.49959685547268695 0.558471192241871 0.490324531344487 0.5670279520821448 0.4888127393670631 0.5700228180262408 0.4878048780487805 0.5771534512264689 0.48911509776254786 0.5787221905305191 0.49435597661761743 0.5787221905305191 0.5020157226365652 0.5835710211066742 0.5067526708324934 0.5845693097547062 0.5105825438419673 0.5825727324586423 0.5113888328965934 0.5782943525385055
2 0.48840959483975005 0.5172561323445521 0.49042531747631524 0.5067027952082145 0.48941745615803267 0.5004278379920137 0.4864946583350131 0.49743297204791787 0.48246321306188267 0.4957216200798631 0.4746018947792784 0.4957216200798631 0.46895787139689576 0.4980034227039361 0.4676476516831284 0.4995721620079863 0.46684136262850234 0.5041357672561323 0.46805079621044143 0.5112664004563605 0.47823019552509577 0.5273816314888762 0.4827655714573675 0.528094694808899 0.4857891554122153 0.5249572162007986 0.48840959483975005 0.5172561323445521
2 0.47349324732916753 0.47760981175128353 0.473694819592824 0.4710496292070736 0.4724853860108849 0.4604962920707359 0.4700665188470067 0.45308043354249855 0.46835315460592625 0.450656018254421 0.4669421487603306 0.4495151169423845 0.4627091312235436 0.4498003422703936 0.4595847611368676 0.45365088419851685 0.4565611771820198 0.4596406160867085 0.45333602096351544 0.4704791785510553 0.45333602096351544 0.47390188248716486 0.4541423100181415 0.4773245864232744 0.4572666801048176 0.4814603536794067 0.46291070348720015 0.4840273816314889 0.4670429348921588 0.48416999429549346 0.47057044950614796 0.48288648031945236 0.47349324732916753 0.47760981175128353
2 0.46018947792783715 0.4462350256702795 0.4609957669824632 0.44366799771819737 0.46139891150977624 0.4385339418140331 0.4603910501914937 0.4325442099258414 0.45504938520459587 0.42013690815744437 0.44638177786736544 0.4212778094694809 0.44486998588994153 0.42341699942954936 0.4444668413626285 0.4333998859098688 0.44285426325337635 0.44366799771819737 0.4432574077806894 0.44737592698231604 0.4441644829671437 0.4498003422703936 0.44638177786736544 0.4515116942384484 0.4515218705906067 0.4522247575584712 0.456661963313848 0.45008556759840274 0.46018947792783715 0.4462350256702795
2 0.5142108445877848 0.4314033086138049 0.5152187059060673 0.42769537934968627 0.5154202781697238 0.4219908727895037 0.5138077000604717 0.4165715915573303 0.5106833299737956 0.4127210496292071 0.5064503124370087 0.4110096976611523 0.5024188671638783 0.41186537364517967 0.49435597661761743 0.4161437535653166 0.49304575690385005 0.4217056474614946 0.49526305180407176 0.4239874500855676 0.49808506349526305 0.4319737592698232 0.5024188671638783 0.43667997718197377 0.5075589598871195 0.43739304050199657 0.5108849022374521 0.43639475185396465 0.5142108445877848 0.4314033086138049
2 0.5680306389840758 0.3675128351397604 0.5672243499294497 0.3549629207073588 0.5653094134247127 0.3511123787792356 0.5634952630518041 0.3499714774671991 0.5598669623059866 0.3499714774671991 0.545656117718202 0.36637193382772393 0.546059262245515 0.37207644038790644 0.548377343277565 0.37364517969195665 0.5524087885506954 0.3719338277239019 0.5629913323926627 0.3735025670279521 0.5667204192703084 0.3725042783799201 0.5680306389840758 0.3675128351397604
2 0.47268695827454144 0.3549629207073588 0.47490425317476315 0.3455504848830576 0.47853255392058053 0.3412721049629207 0.4789356984478936 0.33784940102681116 0.4776254787341262 0.33513976041072446 0.4748034670429349 0.33314318311466057 0.4625075589598871 0.3320022818026241 0.45867768595041325 0.33285795778665145 0.4551501713364241 0.3369937250427838 0.45394073775448496 0.3429834569309755 0.45394073775448496 0.34982886480319453 0.4553517436000806 0.3549629207073588 0.4584761136867567 0.35909868796349115 0.46321306188268496 0.3609526525955505 0.4679500100786132 0.35995436394751856 0.47268695827454144 0.3549629207073588
2 0.44073775448498287 0.3784940102681118 0.44386212457165897 0.3706503137478608 0.44507155815359806 0.362093553907587 0.44507155815359806 0.3546776953793497 0.4431566216488611 0.34854535082715343 0.4391251763757307 0.34854535082715343 0.4314654303567829 0.3511123787792356 0.4283410602701068 0.3555333713633771 0.42551904857891554 0.3632344552196235 0.42551904857891554 0.3715059897318882 0.42733319895182426 0.375499144324016 0.4314654303567829 0.37992013690815746 0.4364039508163677 0.3809184255561894 0.4391251763757307 0.3802053622361666 0.44073775448498287 0.3784940102681118
2 0.45353759322717196 0.2885054192812322 0.4551501713364241 0.28308613804905874 0.45454545454545453 0.27709640616086706 0.45323523483168715 0.27438676554478036 0.442350332594235 0.2732458642327439 0.4393267486393872 0.27438676554478036 0.43741181213465025 0.27766685681688535 0.43680709534368073 0.28394181403308616 0.4380165289256198 0.2885054192812322 0.4417456158032655 0.29435253850541926 0.44366055230800244 0.2950656018254421 0.44718806692199153 0.29463776383342843 0.45353759322717196 0.2885054192812322
2 0.4074783309816569 0.33285795778665145 0.410602701068333 0.32786651454649174 0.41201370691392863 0.3224472333143183 0.41221527917758516 0.31645750142612666 0.411005845595646 0.31217912150598975 0.40536182221326345 0.3041928123217342 0.40405160249949607 0.30062749572162006 0.40022172949002216 0.3014831717056475 0.3923604112074179 0.3114660581859669 0.38984075791171136 0.31645750142612666 0.38883289659342873 0.3221620079863092 0.3892360411207418 0.3275812892184826 0.39135254988913526 0.33171705647461497 0.39619028421689173 0.33485453508271534 0.401330376940133 0.33556759840273814 0.40385003023583954 0.3354249857387336 0.4074783309816569 0.33285795778665145
2 0.3751259826647853 0.41714204221334855 0.376536988510381 0.4051625784369652 0.37915742793791574 0.4023103251568739 0.37996371699254183 0.3997432972047918 0.3744204797419875 0.3964632059326868 0.3685748840959484 0.38933257273245864 0.364543438822818 0.38961779806046776 0.3596049183632332 0.39660581859669136 0.35819391251763755 0.40459212778094694 0.3587986293086071 0.411437535653166 0.3594033460995767 0.416001140901312 0.3609151380770006 0.41985168282943525 0.36434186655916145 0.42213348545350826 0.36867567022777664 0.4222760981175128 0.37260632936907884 0.4204221334854535 0.3751259826647853 0.41714204221334855
2 0.3573876234630115 0.40687393040501996 0.35900020157226364 0.39689104392470054 0.3587986293086071 0.3940387906446092 0.3556742592219311 0.38733599543639474 0.3492239467849224 0.38391329150028525 0.345192501511792 0.38334284084426695 0.3413626285023181 0.3867655447803765 0.3372303970973594 0.39432401597261835 0.33581939125176374 0.40059897318881915 0.3356178189881072 0.4057330290929835 0.33682725257004636 0.41086708499714775 0.33894376133843984 0.41414717626925274 0.3413626285023181 0.4161437535653166 0.34569643217093327 0.41628636622932114 0.35466639790364846 0.41015402167712495 0.3573876234630115 0.40687393040501996
2 0.36484579721830274 0.3609526525955505 0.36484579721830274 0.3546776953793497 0.36232614392259627 0.3525385054192812 0.3609151380770006 0.3522532800912721 0.35688369280387017 0.35510553337136336 0.35184438621245717 0.3608100399315459 0.347510582543842 0.3672276098117513 0.3450917153799637 0.3726468910439247 0.3446885708526507 0.38234455219623503 0.34579721830276156 0.3844837421563035 0.35265067526708327 0.38819167142042216 0.357186051199355 0.3880490587564176 0.36081435194517236 0.38234455219623503 0.36484579721830274 0.3609526525955505
2 0.18766377746422092 0.5269537934968626 0.19451723442854263 0.5106959498003423 0.19421487603305784 0.5048488305761551 0.18917556944164482 0.5037079292641187 0.18675670227776658 0.5002852253280091 0.1841362628502318 0.49914432401597264 0.1801048175771014 0.49914432401597264 0.17667808909494054 0.5014261266400456 0.17395686353557752 0.5052766685681689 0.17254585768998185 0.5104107244723332 0.17254585768998185 0.516970907016543 0.174158435799234 0.5243867655447804 0.17768595041322313 0.5296634341129492 0.18121346502721225 0.5309469480889903 0.1839346905865753 0.5302338847689675 0.18766377746422092 0.5269537934968626