1 0.24914331787945979 0.41714204221334855 0.25055432372505543 0.413719338277239 0.25357790767990324 0.40059897318881915 0.2531747631525902 0.39432401597261835 0.25125982664785323 0.39132915002852253 0.23956863535577505 0.39988590986879635 0.23402539810522072 0.40687393040501996 0.2328159645232816 0.4097261836851112 0.2328159645232816 0.416001140901312 0.23402539810522072 0.4188533941814033 0.2361419068736142 0.42184826012549914 0.24007256601491636 0.42313177410154024 0.24501108647450112 0.42184826012549914 0.24914331787945979 0.41714204221334855
1 0.265470671235638 0.4356816885339418 0.2690989719814553 0.42569880205362237 0.27111469461802057 0.41628636622932114 0.27111469461802057 0.4102966343411295 0.26960290264059666 0.40787221905305193 0.2661761741584358 0.40730176839703364 0.2583148558758315 0.4107244723331432 0.2516629711751663 0.4152880775812892 0.24793388429752067 0.42056474614945805 0.2481354565611772 0.42741015402167715 0.25055432372505543 0.4325442099258414 0.2546865551300141 0.43782087849401025 0.2602297923805684 0.43938961779806046 0.2629510179399315 0.4389617798060468 0.265470671235638 0.4356816885339418
1 0.27847208224148357 0.4030233884768967 0.28260431364644223 0.398031945236737 0.28441846401935095 0.3937535653166001 0.28462003628300747 0.3877638334284084 0.2834106027010683 0.3834854535082715 0.2788752267687966 0.3787792355961209 0.2748437814956662 0.3773531089560753 0.2714170530135053 0.3784940102681118 0.2676879661358597 0.3832002281802624 0.2666801048175771 0.3860524814603537 0.2652690989719815 0.3940387906446092 0.265873815762951 0.39860239589275526 0.26708324934489014 0.40145464917284657 0.27091312235436404 0.4060182544209926 0.2748437814956662 0.4055904164289789 0.27847208224148357 0.4030233884768967
1 0.2628502318081032 0.33556759840273814 0.2636565208627293 0.3272960638904735 0.2628502318081032 0.32358813462635483 0.2592219310622858 0.3170279520821449 0.25508969965732714 0.3057615516257844 0.2525700463616206 0.31332002281802623 0.24672445071558152 0.32159155733029093 0.24491030034267286 0.3270108385624643 0.24470872807901634 0.33328579577866513 0.24722838137472283 0.33884768967484313 0.2510582543841967 0.34141471762692527 0.25519048578915543 0.3412721049629207 0.26093529530336623 0.3379920136908157 0.2628502318081032 0.33556759840273814
1 0.29631122757508566 0.4995721620079863 0.29933481152993346 0.4893040501996577 0.2982261640798226 0.48716486023958927 0.2943962910703487 0.4854535082715345 0.2901632735335618 0.4851682829435254 0.28230195525095747 0.48716486023958927 0.2804878048780488 0.4883057615516258 0.27857286837331185 0.49158585282373074 0.2773634347913727 0.4995721620079863 0.2787744406369684 0.5072732458642327 0.27998387421890747 0.5104107244723332 0.282503527514614 0.513405590416429 0.28643418665591613 0.5135482030804336 0.2899617012699053 0.5108385624643468 0.29631122757508566 0.4995721620079863
1 0.28824833702882485 0.6051055333713634 0.28885305381979437 0.599971477467199 0.28542632533763357 0.5777239018824871 0.28290667204192704 0.5755847119224187 0.2794799435597662 0.5772960638904735 0.27554928441846405 0.5831431831146606 0.2727272727272727 0.5879920136908158 0.2715178391453336 0.59312606959498 0.2715178391453336 0.599971477467199 0.2733319895182423 0.6088134626354821 0.27847208224148357 0.6123787792355961 0.28260431364644223 0.613091842555619 0.28643418665591613 0.6102395892755277 0.28824833702882485 0.6051055333713634
1 0.27756500705502923 0.6376212207644039 0.2817980245918162 0.6216486023958927 0.28139488006450314 0.6159440958357102 0.2803870187462205 0.6136622932116372 0.27464220923200966 0.6092413006274957 0.2706107639588793 0.6095265259555048 0.2673856077403749 0.6123787792355961 0.2644628099173554 0.6210781517398745 0.26405966539004233 0.6327723901882487 0.2652690989719815 0.6381916714204221 0.265470671235638 0.644466628636623 0.2668816770812336 0.6467484312606959 0.27343277565007057 0.6440387906446092 0.27756500705502923 0.6376212207644039
1 0.2870389034468857 0.7750998288648032 0.28945777061076394 0.7682544209925841 0.289860915138077 0.7599828864803194 0.28643418665591613 0.7514261266400456 0.2808909494053618 0.7478608100399315 0.27827050997782704 0.7430119794637764 0.27696029026405966 0.7437250427837993 0.27393670630921185 0.7517113519680547 0.2695021165087684 0.7722475755847119 0.27091312235436404 0.7773816314888762 0.27242491433178795 0.7795208214489446 0.27444063696835314 0.7812321734169995 0.27857286837331185 0.7819452367370222 0.28290667204192704 0.780376497432972 0.2870389034468857 0.7750998288648032
1 0.3071961298125378 0.7009412435824302 0.30598669623059865 0.6932401597261837 0.3020560370892965 0.6891043924700513 0.29842773634347913 0.688533941814033 0.29409393267486394 0.6906731317741015 0.2906672041927031 0.6986594409583571 0.2900624874017335 0.7040787221905305 0.29026405966539004 0.7123502567027952 0.29127192098367266 0.7174843126069596 0.2941947188066922 0.7236166571591557 0.2981253779479944 0.7234740444951512 0.3053819794396291 0.7103536794067313 0.3071961298125378 0.7009412435824302
1 0.3297722233420681 0.6769823160296634 0.33219109050594636 0.6718482601254991 0.33279580729691594 0.66500285225328 0.33198951824228984 0.6607244723331431 0.32926829268292684 0.6565887050770108 0.3230195525095747 0.6517398745008557 0.32080225760935294 0.6511694238448374 0.31777867365450513 0.6523103251568739 0.313848014513203 0.6584426697090702 0.3118322918766378 0.6652880775812893 0.3118322918766378 0.67156303479749 0.31425115904051604 0.6775527666856817 0.3175771013908486 0.6819737592698232 0.32231404958677684 0.6835424985738734 0.3250352751461399 0.6828294352538505 0.3297722233420681 0.6769823160296634
1 0.32644628099173556 0.5775812892184826 0.3301753678693812 0.5717341699942955 0.3311832291876638 0.566029663434113 0.3301753678693812 0.5606103822019395 0.3280588591009877 0.5567598402738163 0.3203991130820399 0.5524814603536794 0.31697238459987903 0.5476326297775242 0.3139488006450312 0.5464917284654878 0.31142914734932475 0.5551911009697661 0.3122354364039508 0.5714489446662864 0.3140495867768595 0.5782943525385055 0.3163676678089095 0.5812892184826013 0.31828260431364647 0.582002281802624 0.32181011892763556 0.5815744438106104 0.32644628099173556 0.5775812892184826
1 0.3325942350332594 0.4992869366799772 0.33440838540616813 0.49386765544780376 0.33440838540616813 0.48759269823160295 0.333198951824229 0.4830290929834569 0.32896593428744203 0.4773245864232744 0.32695021165087684 0.4710496292070736 0.3252368474097964 0.4697661152310325 0.321205402136666 0.4717626925270964 0.31828260431364647 0.4753280091272105 0.31203386414029427 0.48816314888762125 0.31122757508566823 0.49472333143183117 0.31263858093126384 0.4995721620079863 0.3155613787542834 0.5031374786081004 0.3214069744003225 0.5054192812321734 0.3259423503325942 0.5052766685681689 0.32946986494658337 0.5037079292641187 0.3325942350332594 0.4992869366799772
1 0.3209030437411812 0.4596406160867085 0.32110461600483775 0.4502281802624073 0.3189881072364443 0.44609241300627495 0.3163676678089095 0.44466628636622935 0.3097157831082443 0.44438106103822017 0.3058859100987704 0.44266970907016545 0.30145132029832694 0.44438106103822017 0.29610965531142913 0.44965772960638906 0.29993952832090304 0.46021106674272677 0.30225760935295304 0.4634911580148317 0.30991735537190085 0.47005134055904163 0.3148558758314856 0.4701939532230462 0.31747631525902037 0.4679121505989732 0.3209030437411812 0.4596406160867085
1 0.32019754081838336 0.44067313177410156 0.32332191090505946 0.43311466058185966 0.3229187663777464 0.42741015402167715 0.32110461600483775 0.4202795208214489 0.3189881072364443 0.41814033086138047 0.31515823422697037 0.4189960068454079 0.3123362225357791 0.42156303479749 0.30901028018544646 0.42769537934968627 0.30759927433985085 0.4322589845978323 0.3080024188671639 0.4365373645179692 0.30961499697641603 0.4408157444381061 0.311529933481153 0.44266970907016545 0.31425115904051604 0.44338277239018825 0.31798024591816165 0.44266970907016545 0.32019754081838336 0.44067313177410156
1 0.2733319895182423 0.362093553907587 0.27373513404555533 0.36038220193953224 0.26930054424511185 0.3432686822589846 0.2667808909494054 0.338562464346834 0.2625478734126184 0.3357102110667427 0.25508969965732714 0.3402738163148888 0.2533763354162467 0.34241300627495724 0.25075589598871195 0.348687963491158 0.2493448901431163 0.3555333713633771 0.2509574682523685 0.3600969766115231 0.25428341060270104 0.36309184255561894 0.2593227171941141 0.36508841985168283 0.2648659544446684 0.3652310325156874 0.2712154807498488 0.3642327438676555 0.2733319895182423 0.362093553907587
1 0.338641402942955 0.3529663434112949 0.3394476919975811 0.35039931545921277 0.338641402942955 0.3466913861950941 0.32946986494658337 0.3334284084426697 0.3252368474097964 0.3314318311466058 0.31798024591816165 0.3320022818026241 0.31747631525902037 0.33442669709070166 0.31808103204998994 0.3389903023388477 0.32312033864140294 0.36038220193953224 0.32563999193710946 0.3636622932116372 0.3295706510784116 0.3635196805476326 0.335517032856279 0.35795778665145467 0.338641402942955 0.3529663434112949
1 0.35900020157226364 0.3435539075869937 0.36061277968151584 0.3387050770108386 0.3604112074178593 0.3327153451226469 0.35910098770409193 0.33057615516257843 0.3572868373311832 0.3291500285225328 0.3514412416851441 0.33057615516257843 0.34297520661157027 0.338562464346834 0.3392461197339246 0.3435539075869937 0.3394476919975811 0.34982886480319453 0.34045555331586375 0.3535367940673132 0.3417657730296311 0.35510553337136336 0.34569643217093327 0.3558185966913862 0.35184438621245717 0.35339418140330864 0.35900020157226364 0.3435539075869937
1 0.3586978431767789 0.3725042783799201 0.36081435194517236 0.37007986309184254 0.36202378552711145 0.36637193382772393 0.36000806289054627 0.3615231032515687 0.3570852650675267 0.35767256132344555 0.35265067526708327 0.3545350827153451 0.3492239467849224 0.35367940673131776 0.3413626285023181 0.354249857387336 0.3398508365248942 0.3566742726754136 0.33763354162467246 0.3655162578436965 0.3384398306792985 0.37435824301197945 0.3413626285023181 0.3782087849401027 0.34630114896190284 0.37835139760410724 0.350231808103205 0.3773531089560753 0.3586978431767789 0.3725042783799201
1 0.3490223745212659 0.47119224187107817 0.35214674460794193 0.4664860239589276 0.35154202781697236 0.460781517398745 0.34277363434791375 0.4580718767826583 0.3347107438016529 0.45835710211066744 0.33067929852852246 0.46035367940673133 0.328159645232816 0.4664860239589276 0.3273533561781899 0.4721905305191101 0.3293690788147551 0.4784654877353109 0.33360209635154203 0.48217341699942956 0.345192501511792 0.47518539646320596 0.3490223745212659 0.47119224187107817
1 0.36353557750453536 0.5442099258414147 0.3708929651279984 0.5326583000570451 0.37331183229187664 0.5226754135767256 0.3724047571054223 0.5154021677124929 0.3685748840959484 0.5151169423844837 0.35547268695827455 0.5202509982886481 0.3530538197943963 0.5216771249286937 0.35013102197137674 0.5260981175128352 0.3487200161257811 0.5320878494010268 0.34932473291675065 0.5386480319452367 0.35365853658536583 0.5453508271534512 0.35668212054021364 0.5473474044495151 0.3587986293086071 0.5472047917855105 0.36051199354968755 0.547062179121506 0.36353557750453536 0.5442099258414147
1 0.36877645635960493 0.5915573302909298 0.3682725257004636 0.5939817455790074 0.3690788147550897 0.5956930975470622 0.3708929651279984 0.5936965202509983 0.36877645635960493 0.5915573302909298
1 0.37935900020157226 0.6972333143183115 0.381173150574481 0.6935253850541928 0.3817778673654505 0.6883913291500285 0.3802660753880266 0.6819737592698232 0.37300947389639183 0.6811180832857958 0.369179600886918 0.6819737592698232 0.36333400524087883 0.685966913861951 0.36061277968151584 0.6903879064460924 0.3596049183632332 0.6998003422703936 0.3612174964724854 0.7040787221905305 0.36615601693207017 0.710781517398745 0.37270711550090707 0.712065031374786 0.3767385607740375 0.7069309754706218 0.37935900020157226 0.6972333143183115
1 0.37260632936907884 0.6058185966913862 0.3766377746422092 0.6049629207073588 0.38218101189276354 0.5979749001711352 0.38298730094738964 0.59312606959498 0.38167708123362226 0.5915573302909298 0.37583148558758317 0.589560752994866 0.37018746220520055 0.5832857957786651 0.3683733118322919 0.5827153451226469 0.364543438822818 0.5844266970907016 0.3616206409997984 0.588562464346834 0.36061277968151584 0.6005419281232174 0.3624269300544245 0.6085282373074729 0.364543438822818 0.6106674272675413 0.36565208627292883 0.6105248146035368 0.3683733118322919 0.609811751283514 0.37260632936907884 0.6058185966913862
1 0.3491231606530941 0.7462920707358813 0.3513404555533159 0.7383057615516257 0.3513404555533159 0.7326012549914432 0.34640193509373113 0.7210496292070736 0.3443862124571659 0.7193382772390188 0.340556339447692 0.7184826012549914 0.3369280387018746 0.7201939532230462 0.33360209635154203 0.7249001711351968 0.3317879459786333 0.7351682829435254 0.3325942350332594 0.7428693667997718 0.33460995766982465 0.7488590986879635 0.33733118322918765 0.7518539646320593 0.34146341463414637 0.7525670279520822 0.345192501511792 0.7512835139760411 0.3491231606530941 0.7462920707358813
1 0.3721023987099375 0.7214774671990872 0.37331183229187664 0.7106389047347405 0.3767385607740375 0.7066457501426127 0.38157629510179397 0.6938106103822019 0.381979439629107 0.6875356531660012 0.3804676476516831 0.6822589845978323 0.3734126184237049 0.6811180832857958 0.3693811731505745 0.6816885339418141 0.36081435194517236 0.6889617798060468 0.36000806289054627 0.6926697090701655 0.3602096351542028 0.6992298916143753 0.3549687562991332 0.7055048488305762 0.3533561781898811 0.7106389047347405 0.35234831687159845 0.7214774671990872 0.3537593227171941 0.7326012549914432 0.35668212054021364 0.735596120935539 0.3604112074178593 0.7354535082715346 0.3669623059866962 0.7296063890473474 0.3721023987099375 0.7214774671990872
1 0.345192501511792 0.8197375926982317 0.34730901028018546 0.8153166001140901 0.3489215883894376 0.8081859669138619 0.3491231606530941 0.8019110096976612 0.347510582543842 0.7950656018254421 0.34499092924813546 0.791500285225328 0.34196734529328765 0.7895037079292642 0.33753275549284417 0.7897889332572733 0.3339044547470268 0.7926411865373645 0.3301753678693812 0.7990587564175698 0.3265470671235638 0.8110382201939532 0.32634549485990727 0.8158870507701084 0.32926829268292684 0.820593268682259 0.3332997379560573 0.8234455219623502 0.33662568030638984 0.8233029092983457 0.3413626285023181 0.8225898459783229 0.345192501511792 0.8197375926982317
1 0.383894376133844 0.8034797490017114 0.38701874622052007 0.7990587564175698 0.3886313243297722 0.7936394751853965 0.3886313243297722 0.787934968625214 0.3874218907478331 0.7828009127210497 0.3832896593428744 0.7766685681688534 0.38087079217899616 0.7746719908727895 0.3734126184237049 0.7769537934968626 0.36867567022777664 0.7873645179691957 0.3676678089094941 0.7933542498573873 0.3676678089094941 0.799343981745579 0.36867567022777664 0.8027666856816885 0.37280790163273536 0.8063320022818026 0.3767385607740375 0.8070450656018254 0.38147550896996574 0.8054763262977752 0.383894376133844 0.8034797490017114
1 0.3843983067929853 0.754563605248146 0.38218101189276354 0.7440102681118084 0.3762346301148962 0.7387335995436395 0.37260632936907884 0.7378779235596121 0.36958274541423103 0.7404449515116942 0.3670630921185245 0.7442954934398175 0.36565208627292883 0.7488590986879635 0.3652489417456158 0.7554192812321734 0.3662568030638984 0.7608385624643468 0.36877645635960493 0.764403879064461 0.37331183229187664 0.7654021677124929 0.3818786534972788 0.7595550484883058 0.3843983067929853 0.754563605248146
1 0.43438822817980244 0.765687393040502 0.4378149566619633 0.754563605248146 0.43821810118927634 0.7482886480319453 0.4372102398709938 0.7437250427837993 0.43610159242088287 0.7424415288077582 0.43166700262043944 0.7401597261836851 0.4274339850836525 0.7395892755276668 0.4238056843378351 0.7407301768397033 0.4190687361419069 0.745436394751854 0.4172545857689982 0.75 0.41685144124168516 0.7577010838562465 0.41745615803265473 0.7619794637763834 0.42017738359201773 0.7675413576725614 0.4236041120741786 0.7706788362806617 0.4281394880064503 0.7711066742726754 0.4314654303567829 0.7698231602966343 0.43438822817980244 0.765687393040502
1 0.41604515218705906 0.6407586993725043 0.4162467244507156 0.63562464346834 0.4148357186051199 0.6270678836280662 0.41140899012295906 0.619937250427838 0.4080830477726265 0.6160867084997148 0.4034468857085265 0.6152310325156874 0.40022172949002216 0.6172276098117513 0.39729893166700264 0.6219338277239019 0.39568635355775045 0.626497432972048 0.39427534771215483 0.6347689674843126 0.3944769199758113 0.6387621220764403 0.39719814553517435 0.6440387906446092 0.4006248740173352 0.6468910439247005 0.4049586776859504 0.6473188819167142 0.4149365047369482 0.6431831146605819 0.41604515218705906 0.6407586993725043
1 0.4116105623866156 0.5768682258984598 0.41362628502318083 0.5717341699942955 0.4140294295504939 0.5654592127780947 0.41201370691392863 0.5600399315459212 0.4092924813545656 0.5567598402738163 0.4044547470268091 0.5541928123217341 0.40022172949002216 0.553907586993725 0.39619028421689173 0.5561893896177981 0.39488006450312435 0.5583285795778665 0.3950816367667809 0.5720193953223046 0.39568635355775045 0.5777239018824871 0.39770207619431563 0.5822875071306332 0.40002015722636564 0.5841414717626925 0.40153194920378954 0.583998859098688 0.40606732513606125 0.583000570450656 0.4116105623866156 0.5768682258984598
1 0.41584357992340254 0.4907301768397034 0.4200765974601895 0.47760981175128353 0.420278169723846 0.47190530519110097 0.41675065510985687 0.466343411294923 0.4119129207821004 0.4643468339988591 0.4034468857085265 0.46463205932686824 0.40173352146744606 0.4662007986309184 0.400524087885507 0.4713348545350827 0.3992138681717396 0.47318881916714206 0.3915541221527918 0.4777524244152881 0.38984075791171136 0.48017683970336567 0.386615601693207 0.4932972047917855 0.386615601693207 0.4995721620079863 0.388530538197944 0.5042783799201369 0.3930659141302157 0.5058471192241871 0.40082644628099173 0.5034227039361096 0.41584357992340254 0.4907301768397034
1 0.4215883894376134 0.5222475755847119 0.42471275952428944 0.5164004563605248 0.42652690989719816 0.5069880205362236 0.4291473493247329 0.4995721620079863 0.42783712961096554 0.49657729606389045 0.42420882886514816 0.49857387335995434 0.4185648054827656 0.49885909868796346 0.4139286434186656 0.5005704506560182 0.4097964120137069 0.5041357672561323 0.4079822616407982 0.5098402738163149 0.4085869784317678 0.5158300057045065 0.41271920983672644 0.5228180262407301 0.41533964926426126 0.5248146035367941 0.41685144124168516 0.5246719908727895 0.4197742390647047 0.5239589275527667 0.4215883894376134 0.5222475755847119
1 0.446986494658335 0.58499714774672 0.4511187260632937 0.5797204791785511 0.454343882281798 0.5714489446662864 0.45454545454545453 0.5657444381061039 0.45353759322717196 0.5608956075299487 0.4508163676678089 0.5561893896177981 0.44658335013102196 0.5533371363377068 0.4431566216488611 0.5524814603536794 0.43549687562991335 0.5547632629777525 0.43398508365248945 0.5628921848260126 0.43136464422495463 0.5683114660581859 0.43136464422495463 0.5731602966343411 0.43438822817980244 0.5831431831146606 0.4363031646845394 0.5861380490587564 0.43983067929852854 0.5877067883628067 0.44335819391251763 0.587564175698802 0.446986494658335 0.58499714774672
1 0.4067728280588591 0.4217056474614946 0.4067728280588591 0.416001140901312 0.4049586776859504 0.4102966343411295 0.40304374118121344 0.40730176839703364 0.4004233017536787 0.40530519110096974 0.39598871195323526 0.4050199657729606 0.39185648054827654 0.40858528237307473 0.3892360411207418 0.4165715915573303 0.3902439024390244 0.4217056474614946 0.39356984478935697 0.4278379920136908 0.39639185648054825 0.4295493439817456 0.40032251562185045 0.42969195664575016 0.4047571054222939 0.42655447803764973 0.4067728280588591 0.4217056474614946
1 0.4380165289256198 0.3829150028522533 0.43902439024390244 0.37863662293211636 0.43821810118927634 0.36694238448374217 0.43620237855271116 0.36266400456360526 0.4342874420479742 0.3608100399315459 0.43106228582946987 0.3602395892755277 0.4274339850836525 0.3625213918996007 0.41816166095545254 0.3719338277239019 0.415642007659746 0.37664004563605247 0.4171537996371699 0.37992013690815746 0.42320096754686554 0.3864803194523674 0.42874420479741987 0.3877638334284084 0.4352953033662568 0.3864803194523674 0.4380165289256198 0.3829150028522533
1 0.4381173150574481 0.47432972047917854 0.4416448296714372 0.4662007986309184 0.4422495464624068 0.46135196805476325 0.4416448296714372 0.44965772960638906 0.4410401128804676 0.44537934968625215 0.4401330376940133 0.44409583571021105 0.4365047369481959 0.4452367370222476 0.43388429752066116 0.44894466628636626 0.4298528522475307 0.45208214489446663 0.4239064704696634 0.46106674272675413 0.4228986091513808 0.46420422133485456 0.42249546462406773 0.46734169994295494 0.4237048982060069 0.47162007986309185 0.427635557347309 0.47661152310325156 0.4317677887522677 0.47789503707929265 0.43549687562991335 0.47661152310325156 0.4381173150574481 0.47432972047917854
1 0.4426526909897198 0.6672846548773531 0.44486998588994153 0.6618653736451797 0.4454747026809111 0.6573017683970337 0.444668413626285 0.6504563605248146 0.4418464019350937 0.6438961779806047 0.4365047369481959 0.6411865373645179 0.43388429752066116 0.6414717626925271 0.4304575690385003 0.6437535653166001 0.4275347712154807 0.649030233884769 0.42632533763354163 0.6541642897889333 0.42652690989719816 0.6607244723331431 0.4283410602701068 0.6664289788933258 0.4312638580931264 0.670564746149458 0.4355976617617416 0.6718482601254991 0.4393267486393872 0.6708499714774672 0.4426526909897198 0.6672846548773531
1 0.4511187260632937 0.7143468339988591 0.4501108647450111 0.6946662863662293 0.44738963918564806 0.6893896177980605 0.4444668413626285 0.6912435824301197 0.4414432574077807 0.6995151169423844 0.4366055230800242 0.7052196235025671 0.43519451723442854 0.7103536794067313 0.43600080628905463 0.7157729606389047 0.4379157427937916 0.7184826012549914 0.43993146543035677 0.7201939532230462 0.44386212457165897 0.7211922418710781 0.4490022172949002 0.719623502567028 0.4511187260632937 0.7143468339988591
1 0.47591211449304577 0.7160581859669138 0.4745011086474501 0.709498003422704 0.47278774440636967 0.706503137478608 0.470973594033461 0.7053622361665716 0.46674057649667405 0.7056474614945807 0.46291070348720015 0.7079292641186538 0.46018947792783715 0.7117798060467769 0.45918161660955453 0.7157729606389047 0.45938318887321106 0.7214774671990872 0.4671437210239871 0.7338847689674843 0.4706712356379762 0.7351682829435254 0.4742995363837936 0.7271819737592699 0.47591211449304577 0.7160581859669138
1 0.4923402539810522 0.7738163148887621 0.4970772021769804 0.765687393040502 0.4968756299133239 0.7602681118083285 0.4941544043539609 0.7569880205362236 0.4909292481354566 0.755561893896178 0.47802862326143924 0.755561893896178 0.4748034670429349 0.7569880205362236 0.473291675065511 0.7619794637763834 0.4747026809111066 0.7773816314888762 0.4770207619431566 0.7815173987450086 0.4801451320298327 0.7822304620650313 0.48407579117113486 0.7812321734169995 0.4923402539810522 0.7738163148887621
1 0.49969764160451524 0.826155162578437 0.5013102197137674 0.8218767826583001 0.5017133642410804 0.8156018254420992 0.5007055029227978 0.810467769537935 0.49576698246321305 0.8023388476896749 0.490324531344487 0.7966343411294923 0.4862930860713566 0.796063890473474 0.4826647853255392 0.7983456930975471 0.48175771013908486 0.8007701083856247 0.4813545656117718 0.805904164289789 0.48236242693005443 0.8267256132344553 0.4858899415440435 0.8325727324586423 0.49123160653094133 0.8335710211066742 0.4947591211449305 0.8322875071306332 0.49969764160451524 0.826155162578437
1 0.4984882080225761 0.7326012549914432 0.5015117919774239 0.7266115231032516 0.50231808103205 0.7197661152310325 0.5015117919774239 0.7152025099828865 0.49879056641806085 0.7104962920707358 0.4953638379359 0.7096406160867085 0.490324531344487 0.7047917855105533 0.48921588389437615 0.7080718767826583 0.48397500503930657 0.7157729606389047 0.4821608546663979 0.7211922418710781 0.4819592824027414 0.727467199087279 0.48337028824833705 0.7326012549914432 0.4862930860713566 0.7367370222475755 0.49062688973997176 0.7383057615516257 0.49455754888127396 0.7373074729035939 0.4984882080225761 0.7326012549914432
1 0.5353759322717194 0.8492584141471763 0.5371900826446281 0.8438391329150029 0.5369885103809716 0.8381346263548203 0.5357790767990325 0.8312892184826013 0.5332594235033259 0.8260125499144324 0.5294295504938521 0.8231602966343411 0.5255996774843782 0.8234455219623502 0.5215682322112477 0.8260125499144324 0.5194517234428543 0.8295778665145465 0.5184438621245716 0.8327153451226469 0.5182422898609151 0.8435539075869938 0.5196532957065108 0.8495436394751854 0.5217698044749043 0.8531089560752995 0.5245918161660955 0.8548203080433543 0.5303366256803064 0.8552481460353679 0.5332594235033259 0.8536794067313177 0.5353759322717194 0.8492584141471763
1 0.5430356782906672 0.7770964061608671 0.5430356782906672 0.7702509982886481 0.541423100181415 0.7614090131203651 0.5404152388631325 0.7599828864803194 0.5390042330175367 0.7491443240159726 0.5372908687764564 0.7470051340559042 0.5336625680306389 0.749001711351968 0.5254988913525499 0.7616942384483743 0.5232815964523282 0.767969195664575 0.5228784519250151 0.7731032515687393 0.5236847409796412 0.7768111808328579 0.5280185446482564 0.7820878494010268 0.5332594235033259 0.7846548773531089 0.5373916549082847 0.7850827153451226 0.5416246724450715 0.7822304620650313 0.5430356782906672 0.7770964061608671
1 0.5645031243700867 0.8120365088419852 0.5678290667204192 0.8050484883057616 0.5728683733118323 0.7990587564175698 0.5728683733118323 0.797062179121506 0.5725660149163475 0.793496862521392 0.5669219915339649 0.7906446092413006 0.5638984075791171 0.7863662293211637 0.5604716790969563 0.7846548773531089 0.5566418060874824 0.7843696520250998 0.5532150776053215 0.7852253280091273 0.5500907075186454 0.7882201939532231 0.5482765571457368 0.7944951511694238 0.5478734126184237 0.8024814603536794 0.5488812739367063 0.8101825442099259 0.550292279782302 0.8136052481460354 0.5528119330780085 0.8163148887621221 0.5577504535375932 0.8164575014261266 0.5608748236242693 0.8154592127780947 0.5645031243700867 0.8120365088419852
1 0.5865752872404757 0.8435539075869938 0.5877847208224148 0.8384198516828294 0.5875831485587583 0.8327153451226469 0.5861721427131626 0.826155162578437 0.5805281193307801 0.8101825442099259 0.5792178996170126 0.8083285795778665 0.5763958879258214 0.80718767826583 0.5711550090707519 0.8111808328579578 0.5692400725660149 0.8144609241300628 0.5682322112477323 0.8198802053622362 0.5682322112477323 0.8278665145464917 0.570046361620641 0.8389903023388476 0.5726668010481758 0.8449800342270394 0.5765974601894779 0.8488305761551626 0.5805281193307801 0.8495436394751854 0.5842572062084257 0.847404449515117 0.5865752872404757 0.8435539075869938
1 0.6355573473090103 0.7999144324015972 0.6351542027816972 0.7927837992013691 0.6334408385406168 0.7889332572732458 0.6271920983672646 0.7857957786651455 0.6233622253577907 0.7855105533371364 0.6199354968756299 0.7877923559612093 0.6176174158435799 0.7913576725613235 0.6166095545252973 0.7944951511694238 0.6164079822616408 0.7999144324015972 0.6176174158435799 0.8056189389617798 0.6214472888530538 0.8141756988020536 0.6235637976214473 0.8166001140901312 0.627696029026406 0.8164575014261266 0.6341463414634146 0.8047632629777525 0.6355573473090103 0.7999144324015972
1 0.6837331183229187 0.8506845407872219 0.6851441241685144 0.8438391329150029 0.6851441241685144 0.8378494010268112 0.6841362628502318 0.8324301197946378 0.6810118927635558 0.8268682258984598 0.6783914533360209 0.8243011979463777 0.6747631525902036 0.822875071306332 0.6707317073170732 0.8234455219623502 0.6667002620439427 0.8268682258984598 0.6651884700665188 0.8298630918425556 0.6635758919572666 0.8369937250427838 0.6637774642209232 0.8429834569309754 0.6651884700665188 0.8489731888191672 0.6685144124168514 0.8551055333713634 0.6711348518443863 0.8579577866514546 0.675670227776658 0.8595265259555048 0.6785930255996775 0.8588134626354821 0.6837331183229187 0.8506845407872219
1 0.7627494456762749 0.7411580148317171 0.7631525902035879 0.7377353108956075 0.7615400120943359 0.7280376497432972 0.7592219310622859 0.724187107815174 0.7489417456158033 0.7167712492869367 0.7458173755291272 0.7211922418710781 0.7452126587381577 0.7331717056474615 0.744204797419875 0.7380205362236166 0.7448095142108446 0.74343981745579 0.7489417456158033 0.7475755847119224 0.7571054222938923 0.7482886480319453 0.760431364644225 0.746434683399886 0.7627494456762749 0.7411580148317171
1 0.7700060471679097 0.7203365658870508 0.7694013303769401 0.7171990872789503 0.7632533763354162 0.7045065601825442 0.7570046361620641 0.6979463776383343 0.7523684740979641 0.6962350256702795 0.748840959483975 0.6998003422703936 0.7472283813747228 0.7043639475185397 0.7470268091110663 0.7103536794067313 0.7478330981656924 0.7154877353108956 0.7521669018343076 0.7199087278950371 0.7611368675670228 0.725470621791215 0.7695021165087684 0.7221905305191101 0.7700060471679097 0.7203365658870508
1 0.7842168917556944 0.7124928693667998 0.7871396895787139 0.7066457501426127 0.7873412618423705 0.7003707929264119 0.7857286837331183 0.6946662863662293 0.7791775851642814 0.6825442099258414 0.7765571457367466 0.6799771819737592 0.7725257004636162 0.6799771819737592 0.7699052610360815 0.6822589845978323 0.7669824632130618 0.6875356531660012 0.7667808909494054 0.6938106103822019 0.7689981858496271 0.6998003422703936 0.7714170530135054 0.7117798060467769 0.7733319895182423 0.7139189960068454 0.7768595041322314 0.7149172846548774 0.780588591009877 0.7144894466628636 0.7842168917556944 0.7124928693667998
1 0.8415642007659746 0.7548488305761551 0.8415642007659746 0.7383057615516257 0.8403547671840355 0.7328864803194524 0.8392461197339246 0.7313177410154021 0.8350131021971376 0.7316029663434113 0.8315863737149768 0.7335995436394752 0.8237250554323725 0.7410154021677124 0.8201975408183834 0.7485738733599544 0.8214069744003225 0.7548488305761551 0.8277565007055029 0.7641186537364518 0.8317879459786334 0.7675413576725614 0.835920177383592 0.7676839703365659 0.8393469058657529 0.7645464917284654 0.8415642007659746 0.7548488305761551
1 0.6778875226768797 0.7217626925270965 0.6782906672041927 0.7160581859669138 0.67728280588591 0.7103536794067313 0.6752670832493449 0.7057900741585853 0.6707317073170732 0.7007986309184255 0.6628703890344688 0.7013690815744438 0.6609554525297319 0.7046491728465488 0.6591413021568232 0.7154877353108956 0.6597460189477928 0.7211922418710781 0.6625680306389841 0.7260410724472333 0.6670026204394275 0.7286081003993155 0.67496472485386 0.7273245864232744 0.6778875226768797 0.7217626925270965
1 0.5928240274138279 0.7294637763833428 0.5938318887321105 0.7271819737592699 0.59443660552308 0.7194808899030234 0.5924208828865148 0.7103536794067313 0.5884902237452126 0.7053622361665716 0.5844587784720823 0.703936109526526 0.5810320499899214 0.7062179121505989 0.5783108244305584 0.7109241300627496 0.5773029631122758 0.7154877353108956 0.5768998185849628 0.7268967484312607 0.5792178996170126 0.7324586423274386 0.5851642813948801 0.7337421563034797 0.5892965127998387 0.7327438676554479 0.5928240274138279 0.7294637763833428
1 0.6472485386010884 0.7055048488305762 0.6476516831284015 0.6938106103822019 0.6460391050191494 0.6886765544780377 0.6417053013505342 0.6831146605818597 0.6394880064503125 0.6816885339418141 0.635053416649869 0.6811180832857958 0.6314251159040516 0.6831146605818597 0.6287038903446885 0.6875356531660012 0.6272928844990929 0.6929549343981746 0.6272928844990929 0.7003707929264119 0.6287038903446885 0.7049343981745579 0.6332392662769603 0.7104962920707358 0.6352549889135255 0.7119224187107815 0.6397903648457972 0.712065031374786 0.6456359604918364 0.7103536794067313 0.6472485386010884 0.7055048488305762
1 0.5436403950816368 0.6932401597261837 0.5436403950816368 0.682686822589846 0.5413223140495868 0.679406731317741 0.5376940133037694 0.6774101540216771 0.534065712557952 0.677124928693668 0.5306389840757911 0.6782658300057045 0.5241886716387825 0.6776953793496863 0.521669018343076 0.6789788933257274 0.521669018343076 0.6841129492298916 0.5252973190888933 0.6923844837421563 0.5276154001209433 0.6956645750142613 0.5324531344486999 0.7002281802624073 0.5388026607538803 0.7017969195664575 0.5418262447087281 0.7003707929264119 0.5436403950816368 0.6932401597261837
1 0.5883894376133844 0.67156303479749 0.5906067325136062 0.66500285225328 0.5910098770409191 0.6538790644609241 0.5891957266680105 0.647033656588705 0.5868776456359605 0.643468339988591 0.5804273331989518 0.6409013120365088 0.5767990324531345 0.6417569880205363 0.5742793791574279 0.644466628636623 0.5724652287845192 0.6487450085567599 0.5722636565208628 0.6553051911009697 0.5746825236847409 0.6661437535653166 0.5809312638580931 0.6784084426697091 0.5842572062084257 0.6768397033656589 0.5883894376133844 0.67156303479749
1 0.6081435194517234 0.637906446092413 0.6097560975609756 0.6327723901882487 0.6095545252973191 0.6287792355961209 0.6091513807700061 0.6267826583000571 0.6062285829469864 0.623502567027952 0.5997782705099778 0.6220764403879064 0.5963515420278169 0.6237877923559612 0.5938318887321105 0.6276383342840844 0.5932271719411409 0.633342840844267 0.59443660552308 0.6498859098687964 0.5954444668413627 0.6527381631488877 0.5966539004233018 0.653593839132915 0.5999798427736344 0.6517398745008557 0.6081435194517234 0.637906446092413
1 0.48538601088490224 0.6438961779806047 0.4857891554122153 0.6327723901882487 0.47863334005240876 0.6249286936679977 0.47419875025196534 0.6252139189960069 0.46895787139689576 0.6283513976041073 0.46603507357387625 0.6327723901882487 0.464019350937311 0.6390473474044495 0.463616206409998 0.6438961779806047 0.46422092320096753 0.6484597832287508 0.4666397903648458 0.6544495151169424 0.47057044950614796 0.6580148317170564 0.47490425317476315 0.658157444381061 0.480649062688974 0.6534512264689104 0.48538601088490224 0.6438961779806047
1 0.5021165087683934 0.6438961779806047 0.5031243700866761 0.6384768967484312 0.5029227978230195 0.6322019395322305 0.5021165087683934 0.6296349115801483 0.49737956057246524 0.6246434683399886 0.4947591211449305 0.623502567027952 0.49072767587180005 0.6269252709640616 0.4859907276758718 0.6330576155162578 0.4849828663575892 0.6381916714204221 0.4872001612578109 0.6438961779806047 0.490324531344487 0.6483171705647461 0.49445676274944567 0.6507415858528237 0.4993952832090304 0.6494580718767826 0.5021165087683934 0.6438961779806047
1 0.5261036081435194 0.6284940102681118 0.531747631525902 0.6148031945236737 0.5325539205805281 0.6102395892755277 0.5312437008667608 0.6078151739874501 0.5249949606934086 0.6046776953793497 0.5205603708929651 0.6043924700513406 0.5143116307196129 0.6063890473474044 0.5119935496875629 0.6085282373074729 0.5095746825236848 0.615373645179692 0.5097762547873412 0.6227895037079293 0.511187260632937 0.6276383342840844 0.5139084861922999 0.6317741015402167 0.5178391453336021 0.633342840844267 0.5225760935295304 0.6326297775242442 0.5261036081435194 0.6284940102681118
1 0.5160249949606934 0.5962635482030805 0.5230800241886716 0.5845693097547062 0.5236847409796412 0.5825727324586423 0.5229792380568434 0.5815744438106104 0.515117919774239 0.5770108385624644 0.5092723241282 0.5770108385624644 0.5060471679096956 0.5787221905305191 0.5025196532957065 0.5831431831146606 0.5015117919774239 0.5877067883628067 0.501914936504737 0.5945521962350256 0.5062487401733522 0.6026811180832858 0.5099778270509978 0.6045350827153452 0.5140092723241282 0.601968054763263 0.5160249949606934 0.5962635482030805
1 0.49425519048578914 0.5771534512264689 0.49506147954041524 0.572875071306332 0.49425519048578914 0.5643183114660582 0.4925418262447087 0.5621791215059897 0.48609151380770005 0.560467769537935 0.48246321306188267 0.555904164289789 0.47863334005240876 0.5567598402738163 0.4763152590203588 0.5606103822019395 0.47571054222938924 0.564033086138049 0.47651683128401534 0.575156873930405 0.48246321306188267 0.5832857957786651 0.4865954444668414 0.5831431831146606 0.4905261036081435 0.5821448944666286 0.49425519048578914 0.5771534512264689
1 0.4970772021769804 0.5540501996577296 0.49727877444063695 0.5477752424415288 0.49606934085869786 0.5412150598973189 0.49455754888127396 0.5393610952652595 0.49294497077202176 0.5393610952652595 0.48326950211650876 0.54249857387336 0.4803467042934892 0.5492013690815745 0.4811529933481153 0.5560467769537935 0.48528522475307395 0.5607529948659441 0.49284418464019353 0.5623217341699943 0.49425519048578914 0.5620365088419852 0.4970772021769804 0.5540501996577296
1 0.49828663575891957 0.5332287507130633 0.4956661963313848 0.5218197375926983 0.4905261036081435 0.5151169423844837 0.4864946583350131 0.5151169423844837 0.48468050796210443 0.5162578436965203 0.48095142108445876 0.5218197375926983 0.47772626486595443 0.5323730747290359 0.4781294093932675 0.5346548773531089 0.4826647853255392 0.5413576725613235 0.4865954444668414 0.5417855105533371 0.4951622656722435 0.5396463205932687 0.49828663575891957 0.5332287507130633
1 0.4773231203386414 0.5360810039931546 0.47873412618423705 0.528094694808899 0.478330981656924 0.5209640616086708 0.4773231203386414 0.5161152310325157 0.47520661157024796 0.513405590416429 0.4671437210239871 0.5122646891043925 0.46059262245515015 0.5172561323445521 0.46018947792783715 0.5223901882487165 0.4609957669824632 0.5318026240730177 0.46291070348720015 0.5385054192812322 0.4671437210239871 0.54249857387336 0.47107438016528924 0.5432116371933827 0.47419875025196534 0.5413576725613235 0.4773231203386414 0.5360810039931546
1 0.47137673856077406 0.4275527666856817 0.4724853860108849 0.4219908727895037 0.4671437210239871 0.41585852823730746 0.4588792582140697 0.41043924700513407 0.4546462406772828 0.40958357102110665 0.4514210844587785 0.41186537364517967 0.4491030034267285 0.4157159155733029 0.4476919975811328 0.42142042213348546 0.4474904253174763 0.42741015402167715 0.4484982866357589 0.4305476326297775 0.45101793993146544 0.4332572732458642 0.45938318887321106 0.4342555618938962 0.46452328159645234 0.4332572732458642 0.47137673856077406 0.4275527666856817
1 0.502721225559363 0.4379634911580148 0.5047369481959283 0.43311466058185966 0.5055432372505543 0.4285510553337136 0.5047369481959283 0.4219908727895037 0.5020157226365652 0.4184255561893896 0.49818584962709134 0.41671420422133487 0.4941544043539609 0.41814033086138047 0.4918363233219109 0.4217056474614946 0.49002217294900224 0.42969195664575016 0.4898206006853457 0.43282943525385054 0.49365047369481957 0.44138619509412436 0.49435597661761743 0.4423844837421563 0.49606934085869786 0.4422418710781517 0.49818584962709134 0.44209925841414716 0.502721225559363 0.4379634911580148
1 0.5076597460189478 0.3585282373074729 0.5101793993146543 0.3515402167712493 0.5140092723241282 0.3495436394751854 0.5140092723241282 0.3444095835710211 0.49818584962709134 0.3374215630347975 0.49375125982664786 0.3374215630347975 0.4909292481354566 0.33884768967484313 0.48921588389437615 0.3412721049629207 0.48840959483975005 0.3444095835710211 0.48840959483975005 0.3569594980034227 0.490324531344487 0.36138049058756416 0.4939528320903044 0.36337706788362806 0.4968756299133239 0.3632344552196235 0.5030235839548478 0.36138049058756416 0.5076597460189478 0.3585282373074729
1 0.48770409191695224 0.3405590416428979 0.4890143116307196 0.33756417569880204 0.48941745615803267 0.33243011979463777 0.4888127393670631 0.3275812892184826 0.4858899415440435 0.32287507130633203 0.48226164079822614 0.3200228180262407 0.4784317677887523 0.31916714204221336 0.47560975609756095 0.32030804335424984 0.47268695827454144 0.3230176839703366 0.47107438016528924 0.3270108385624643 0.47046966337431967 0.35011409013120365 0.4717798830880871 0.35139760410724474 0.47490425317476315 0.3518254420992584 0.48085063495263053 0.34854535082715343 0.48770409191695224 0.3405590416428979
1 0.5652086272928845 0.48388476896748434 0.5676274944567627 0.4773245864232744 0.5678290667204192 0.4704791785510553 0.5670227776657932 0.4670564746149458 0.5570449506147954 0.45464917284654877 0.5540213666599476 0.45464917284654877 0.5529127192098368 0.45536223616657157 0.5525095746825237 0.4596406160867085 0.5490828462003629 0.4721905305191101 0.5488812739367063 0.47989161437535655 0.5496875629913324 0.4830290929834569 0.552610360814352 0.48659440958357103 0.5585567425922193 0.48816314888762125 0.5618826849425519 0.4874500855675984 0.5652086272928845 0.48388476896748434
1 0.5805281193307801 0.4647746719908728 0.5813344083854062 0.46135196805476325 0.5807296915944367 0.4522247575584712 0.5785123966942148 0.44452367370222473 0.5725660149163475 0.44010268111808326 0.5685345696432171 0.44038790644609244 0.5661157024793388 0.44266970907016545 0.5633944769199758 0.44880205362236164 0.5617818988107236 0.45507701083856245 0.5621850433380366 0.46106674272675413 0.5655109856883693 0.466343411294923 0.5688369280387019 0.46962350256702795 0.5784116105623867 0.4671990872789504 0.5805281193307801 0.4647746719908728
1 0.5845595646039105 0.5149743297204792 0.584761136867567 0.5104107244723332 0.5829469864946584 0.5052766685681689 0.5804273331989518 0.5025670279520822 0.5772021769804475 0.5014261266400456 0.5729691594436606 0.5025670279520822 0.5703487200161258 0.5048488305761551 0.5680306389840758 0.5109811751283514 0.5676274944567627 0.5223901882487165 0.5686353557750453 0.5332287507130633 0.5701471477524692 0.5365088419851682 0.5728683733118323 0.5375071306332002 0.5793186857488409 0.5326583000570451 0.5845595646039105 0.5149743297204792
1 0.6162064099979843 0.5047062179121506 0.6151985486797017 0.4995721620079863 0.6119733924611973 0.49244152880775816 0.6096553114291473 0.48802053622361663 0.6040112880467647 0.48260125499144324 0.6001814150372908 0.482030804335425 0.5983672646643822 0.4834569309754706 0.5962507558959887 0.4867370222475756 0.5938318887321105 0.4941528807758129 0.593630316468454 0.5001426126640046 0.594839750050393 0.5032800912721049 0.5999798427736344 0.5082715345122647 0.6076395887925822 0.511123787792356 0.6121749647248539 0.5115516257843696 0.6154001209433582 0.5092698231602967 0.6162064099979843 0.5047062179121506
1 0.6385809312638581 0.5049914432401598 0.6393872203184842 0.5052766685681689 0.6392864341866559 0.5039931545921278 0.6385809312638581 0.5049914432401598
1 0.6841362628502318 0.6165145464917284 0.6841362628502318 0.6145179691956646 0.6833299737956057 0.6105248146035368 0.681515823422697 0.6085282373074729 0.6770812336222536 0.5996862521391899 0.6743600080628905 0.5958357102110667 0.6707317073170732 0.5949800342270394 0.6657931868574885 0.6008271534512265 0.6639790364845797 0.6048203080433543 0.6627696029026406 0.6113804905875642 0.6633743196936102 0.6159440958357102 0.6658939729893166 0.6203650884198517 0.6703285627897602 0.6220764403879064 0.6738560774037492 0.6219338277239019 0.6822213263454948 0.6206503137478608 0.6841362628502318 0.6165145464917284
1 0.7006651884700665 0.6327723901882487 0.7018746220520057 0.6276383342840844 0.701269905261036 0.6210781517398745 0.6998588994154404 0.6159440958357102 0.6963313848014513 0.6100969766115231 0.6925015117919774 0.6069594980034227 0.6892763555734731 0.6061038220193953 0.6872606329369079 0.6072447233314319 0.6849425519048579 0.6105248146035368 0.6843378351138883 0.6165145464917284 0.6821205402136666 0.6247860810039931 0.6823221124773231 0.6322019395322305 0.6862527716186253 0.6366229321163719 0.6944164482967143 0.6376212207644039 0.6979439629107035 0.6366229321163719 0.7006651884700665 0.6327723901882487
1 0.681112678895384 0.6630062749572162 0.6835315460592623 0.6567313177410155 0.6865551300141101 0.6447518539646321 0.6863535577504536 0.6393325727324587 0.6852449103003426 0.6380490587564176 0.6824228986091514 0.636908157444381 0.67496472485386 0.6403308613804906 0.6709332795807297 0.6437535653166001 0.6661963313848015 0.6498859098687964 0.6655916145938319 0.6550199657729606 0.6674057649667405 0.6607244723331431 0.6715379963716993 0.6677124928693668 0.6748639387220319 0.6695664575014262 0.6784922394678492 0.666999429549344 0.681112678895384 0.6630062749572162
1 0.719411408990123 0.6775527666856817 0.7208224148357186 0.67156303479749 0.720217698044749 0.6658585282373075 0.7171941140899012 0.6592983456930975 0.7140697440032252 0.6554478037649744 0.7112477323120339 0.6543069024529378 0.70741785930256 0.6548773531089561 0.7058052811933078 0.6560182544209926 0.7020761943156621 0.662435824301198 0.7014714775246926 0.6661437535653166 0.7020761943156621 0.6721334854535083 0.7032856278976013 0.6749857387335996 0.7072162870389035 0.6796919566457501 0.7096351542027817 0.6814033086138049 0.7145736746623664 0.6815459212778094 0.7176980447490425 0.6802624073017683 0.719411408990123 0.6775527666856817
1 0.7339246119733924 0.6270678836280662 0.7351340455553316 0.6236451796919567 0.7361419068736141 0.6156588705077011 0.7349324732916751 0.6108100399315459 0.732211247732312 0.6069594980034227 0.7293892360411207 0.6046776953793497 0.7249546462406773 0.6035367940673132 0.7217294900221729 0.605533371363377 0.7192098367264664 0.6102395892755277 0.71900826446281 0.6185111237877924 0.719411408990123 0.622219053051911 0.7208224148357186 0.6256417569880205 0.7233420681314251 0.6286366229321164 0.7262648659544446 0.6302053622361665 0.7295908083047773 0.630062749572162 0.7339246119733924 0.6270678836280662
1 0.7602297923805684 0.5975470621791215 0.7621447288853054 0.5939817455790074 0.762346301148962 0.5882772390188249 0.7599274339850837 0.5817170564746149 0.7531747631525902 0.5727324586423275 0.7491433178794598 0.5735881346263548 0.7436000806289055 0.5822875071306332 0.7409796412013707 0.588562464346834 0.7391654908284621 0.5994010268111808 0.7410804273331989 0.6021106674272675 0.7436000806289055 0.601968054763263 0.7551904857891554 0.6006845407872219 0.7602297923805684 0.5975470621791215
1 0.7798830880870792 0.5879920136908158 0.7808909494053619 0.5834284084426697 0.7798830880870792 0.5757273245864233 0.7777665793186858 0.5710211066742726 0.7719209836726466 0.5656018254420992 0.7648659544446684 0.5658870507701084 0.7613384398306793 0.5717341699942955 0.7607337230397098 0.5777239018824871 0.7617415843579923 0.5834284084426697 0.766276960290264 0.5904164289788933 0.772828058859101 0.5925556189389618 0.7767587180004032 0.5912721049629207 0.7798830880870792 0.5879920136908158
1 0.7742390647046966 0.5557615516257843 0.7710139084861923 0.5443525385054193 0.7642612376536988 0.5382201939532231 0.7598266478532554 0.5376497432972048 0.7568030638984076 0.5390758699372504 0.7540818383390445 0.543496862521392 0.7528724047571054 0.5489161437535653 0.753073977020762 0.5551911009697661 0.7540818383390445 0.5577581289218483 0.756198347107438 0.5610382201939532 0.7610360814351945 0.5641756988020536 0.7648659544446684 0.5656018254420992 0.7691997581132836 0.5654592127780947 0.7718201975408184 0.5634626354820308 0.7742390647046966 0.5557615516257843
1 0.8391453336020963 0.5948374215630348 0.8337028824833703 0.5785795778665146 0.8313848014513203 0.5755847119224187 0.8279580729691595 0.5735881346263548 0.8249344890143117 0.5750142612664004 0.8228179802459181 0.5777239018824871 0.8157629510179399 0.59312606959498 0.8171739568635356 0.5994010268111808 0.818484176577303 0.6006845407872219 0.8254384196734529 0.6016828294352539 0.8372303970973594 0.5995436394751854 0.8391453336020963 0.5948374215630348
1 0.8772424914331788 0.6373359954363947 0.8778472082241484 0.6273531089560753 0.8768393469058657 0.6216486023958927 0.8744204797419876 0.615373645179692 0.8706913928643418 0.6109526525955505 0.8664583753275549 0.6100969766115231 0.8628300745817375 0.6115231032515688 0.8580931263858093 0.617655447803765 0.8568836928038702 0.6216486023958927 0.8572868373311833 0.6230747290359384 0.8615198548679701 0.6319167142042214 0.8660552308002419 0.6386195094124358 0.8702882483370288 0.6411865373645179 0.8724047571054223 0.6410439247005134 0.8753275549284418 0.6403308613804906 0.8772424914331788 0.6373359954363947
1 0.8629308607135658 0.5748716486023959 0.8607135658133441 0.5674557900741586 0.8570852650675267 0.5606103822019395 0.8543640395081636 0.5576155162578437 0.8528522475307397 0.5588990302338848 0.8503325942350333 0.5656018254420992 0.8470066518847007 0.5677410154021677 0.8457972183027616 0.5714489446662864 0.845595646039105 0.5771534512264689 0.8472082241483572 0.5814318311466058 0.8513404555533158 0.5861380490587564 0.8547671840354767 0.5881346263548203 0.8593025599677484 0.588562464346834 0.8629308607135658 0.5851397604107245 0.8629308607135658 0.5748716486023959
1 0.8406571255795202 0.5496292070735881 0.8423704898206007 0.5454934398174558 0.8421689175569441 0.5420707358813462 0.8406571255795202 0.5387906446092413 0.8350131021971376 0.533656588705077 0.8275549284418464 0.5296634341129492 0.823926627696029 0.5308043354249857 0.822011691191292 0.5335139760410724 0.8206006853456964 0.5383628066172276 0.8206006853456964 0.5443525385054193 0.8216085466639791 0.5486309184255562 0.8237250554323725 0.5527666856816885 0.8263454948599073 0.5550484883057616 0.8316871598468051 0.5557615516257843 0.8340052408788551 0.5550484883057616 0.8406571255795202 0.5496292070735881
1 0.8226164079822617 0.5155447803764974 0.8232211247732312 0.5098402738163149 0.8214069744003225 0.5012835139760411 0.8197943962910703 0.49786081003993155 0.8158637371497682 0.4934398174557901 0.8118322918766377 0.49229891614375354 0.8063898407579118 0.49486594409583573 0.8048780487804879 0.4972903593839133 0.8038701874622052 0.5049914432401598 0.8052811933078008 0.512407301768397 0.8106228582946986 0.5193953223046206 0.816569240072566 0.5206788362806617 0.8194920378955856 0.5196805476326298 0.8226164079822617 0.5155447803764974
1 0.8337028824833703 0.48217341699942956 0.8325942350332595 0.479749001711352 0.8287643620237856 0.47632629777524244 0.8263454948599073 0.4717626925270964 0.8213061882684942 0.46662863662293214 0.8162668816770813 0.46491728465487736 0.8122354364039508 0.4652025099828865 0.8079016327353357 0.4687678265830006 0.8062890546260835 0.4727609811751283 0.8058859100987704 0.47818026240730177 0.8077000604716791 0.4847404449515117 0.8108244305583552 0.4900171135196805 0.816166095545253 0.49158585282373074 0.8247329167506551 0.4885909868796349 0.8337028824833703 0.48217341699942956
1 0.855271114694618 0.5064175698802054 0.8582946986494658 0.4995721620079863 0.8580931263858093 0.4930119794637764 0.8557750453537594 0.48802053622361663 0.8507357387623463 0.48288648031945236 0.8392461197339246 0.4803194523673702 0.8383390445474702 0.4830290929834569 0.8409594839750051 0.5021391899600685 0.843680709534368 0.5085567598402738 0.8463011489619029 0.5105533371363377 0.8482160854666397 0.5106959498003423 0.8517436000806289 0.5099828864803194 0.855271114694618 0.5064175698802054
1 0.8679701673049789 0.5332287507130633 0.8707921789961701 0.5289503707929264 0.8711953235234832 0.5260981175128352 0.8701874622052006 0.5218197375926983 0.8626285023180811 0.5125499144324016 0.8592017738359202 0.5102681118083285 0.8549687562991333 0.5096976611523103 0.8511388832896594 0.5122646891043925 0.8472082241483572 0.5212492869366799 0.8474097964120137 0.5275242441528808 0.8490223745212658 0.5329435253850542 0.852953033662568 0.5385054192812322 0.8633340052408789 0.5406446092413006 0.8665591614593832 0.539218482601255 0.8679701673049789 0.5332287507130633
1 0.8576899818584963 0.46420422133485456 0.8578915541221528 0.460781517398745 0.8542632533763355 0.45279520821448943 0.8501310219713767 0.4472333143183115 0.8469058657528724 0.44495151169423847 0.843277565007055 0.44495151169423847 0.837835113888329 0.4492298916143754 0.8365248941745616 0.456217912150599 0.8371296109655312 0.4604962920707359 0.8389437613384398 0.4647746719908728 0.8430759927433985 0.46891043924700515 0.8503325942350333 0.47233314318311465 0.8528522475307397 0.4721905305191101 0.8550695424309614 0.47162007986309185 0.8576899818584963 0.46420422133485456
1 0.831284015319492 0.36237877923559614 0.8330981656924007 0.3552481460353679 0.8322918766377746 0.3518254420992584 0.8269502116508768 0.34854535082715343 0.8166700262043943 0.3462635482030804 0.8110260028220116 0.3468339988590987 0.8093126385809313 0.34982886480319453 0.8091110663172747 0.3552481460353679 0.8121346502721225 0.3635196805476326 0.8176778875226769 0.3719338277239019 0.8240274138278573 0.37293211637193385 0.8268494255190486 0.37093553907586996 0.831284015319492 0.36237877923559614
1 0.8093126385809313 0.4325442099258414 0.8099173553719008 0.42712492869366797 0.8081032049989921 0.4217056474614946 0.804575690385003 0.41642897889332575 0.8001411005845596 0.4132915002852253 0.7957065107841161 0.41357672561323444 0.7933884297520661 0.41628636622932114 0.7913727071155009 0.4217056474614946 0.7903648457972183 0.42712492869366797 0.7903648457972183 0.43938961779806046 0.7918766377746422 0.4423844837421563 0.7931868574884096 0.4422418710781517 0.8039709735940335 0.4375356531660011 0.8093126385809313 0.4325442099258414
1 0.7736343479137271 0.39004563605248144 0.7730296311227575 0.3834854535082715 0.7710139084861923 0.3774957216200799 0.7686958274541423 0.3742156303479749 0.765470671235638 0.3725042783799201 0.7606329369078815 0.37278950370792924 0.7568030638984076 0.3750713063320023 0.7516629711751663 0.3829150028522533 0.7528724047571054 0.3877638334284084 0.7608345091715379 0.39760410724472334 0.7646643821810118 0.39960068454078723 0.7691997581132836 0.39945807187678267 0.7722233420681315 0.39632059326868224 0.7736343479137271 0.39004563605248144
1 0.801451320298327 0.32843696520251 0.8024591816166096 0.3233029092983457 0.8024591816166096 0.31588705077010837 0.7996371699254182 0.30504848830576153 0.7961096553114292 0.3029092983456931 0.7900624874017336 0.30661722760981175 0.7862326143922597 0.3103251568739304 0.7843176778875227 0.3138904734740445 0.7839145333602097 0.317313177410154 0.7847208224148358 0.3224472333143183 0.7868373311832292 0.32544209925841416 0.7924813545656118 0.3297204791785511 0.796412013706914 0.33128921848260123 0.8001411005845596 0.33057615516257843 0.801451320298327 0.32843696520251
1 0.7844184640193509 0.3200228180262407 0.7870389034468858 0.32515687393040504 0.7906672041927031 0.32857957786651454 0.7959080830477726 0.33057615516257843 0.800342672848216 0.32943525385054195 0.80185446482564 0.3267256132344552 0.8024591816166096 0.31645750142612666 0.7996371699254182 0.30561893896177983 0.7961096553114292 0.3031945236737022 0.7922797823019553 0.3051911009697661 0.7884499092924814 0.309469480889903 0.7844184640193509 0.31061038220193954 0.7831082443055836 0.30533371363377065 0.7785728683733119 0.3017683970336566 0.7729288449909293 0.3000570450656018 0.7676879661358597 0.3014831717056475 0.7653698851038098 0.30504848830576153 0.7643620237855271 0.31018254420992586 0.7661761741584358 0.32159155733029093 0.7686958274541423 0.3257273245864233 0.770913122354364 0.3271534512264689 0.7741382785728683 0.33285795778665145 0.7766579318685749 0.33414147176269254 0.7810925216690183 0.3275812892184826 0.7844184640193509 0.3200228180262407
1 0.6458375327554928 0.5104107244723332 0.647450110864745 0.5069880205362236 0.6478532553920581 0.5032800912721049 0.6472485386010884 0.4987164860239589 0.6456359604918364 0.494438106103822 0.6431163071961298 0.4905875641756988 0.6388832896593428 0.4885909868796349 0.6356581334408385 0.4905875641756988 0.6295101793993146 0.49985738733599544 0.6248740173352146 0.5115516257843696 0.6261842370489821 0.5162578436965203 0.6393872203184842 0.5172561323445521 0.6421084458778472 0.515687393040502 0.6458375327554928 0.5104107244723332
1 0.6314251159040516 0.45464917284654877 0.6341463414634146 0.44965772960638906 0.6347510582543842 0.4439532230462065 0.6333400524087885 0.43938961779806046 0.6308203991130821 0.43582430119794635 0.6277968151582343 0.4329720479178551 0.6231606530941343 0.4312606959498003 0.6199354968756299 0.4338277239018825 0.6172142713162668 0.4388191671420422 0.6160048377343278 0.44965772960638906 0.6176174158435799 0.45507701083856245 0.6187260632936908 0.45636052481460354 0.6242693005442451 0.4582144894466629 0.6277968151582343 0.4572162007986309 0.6314251159040516 0.45464917284654877
1 0.6262850231808104 0.4157159155733029 0.6289054626083451 0.4043069024529378 0.6285023180810321 0.3997432972047918 0.6266881677081234 0.3940387906446092 0.6233622253577907 0.3907586993725043 0.6187260632936908 0.38961779806046776 0.61529933481153 0.3907586993725043 0.6127796815158234 0.3946092413006275 0.6113686756702278 0.39917284654877355 0.6111671034065712 0.40658870507701084 0.6119733924611973 0.41115231032515687 0.6150977625478734 0.4161437535653166 0.6204394275347712 0.4179977181973759 0.6233622253577907 0.41785510553337135 0.6262850231808104 0.4157159155733029
1 0.6196331384801451 0.37664004563605247 0.6214472888530538 0.3672276098117513 0.6212457165893973 0.36266400456360526 0.6199354968756299 0.3602395892755277 0.606430155210643 0.3625213918996007 0.6040112880467647 0.3639475185396463 0.6031042128603105 0.36580148317170563 0.6018947792783713 0.37207644038790644 0.604112074178593 0.3817741015402168 0.6078411610562386 0.3867655447803765 0.6119733924611973 0.3880490587564176 0.6164079822616408 0.3857672561323445 0.6196331384801451 0.37664004563605247
1 0.6055230800241886 0.3569594980034227 0.6059262245515017 0.34982886480319453 0.6031042128603105 0.33756417569880204 0.6009877040919169 0.33485453508271534 0.5989719814553518 0.3345693097547062 0.5961499697641605 0.3354249857387336 0.5928240274138279 0.3387050770108386 0.5918161660955452 0.3452652595550485 0.5930255996774844 0.3552481460353679 0.59443660552308 0.35838562464346835 0.5961499697641605 0.3602395892755277 0.6008869179600886 0.3609526525955505 0.6038097157831083 0.3596691386195094 0.6055230800241886 0.3569594980034227
1 0.5912114493045757 0.3917569880205362 0.5918161660955452 0.38861950941243584 0.5882886514815562 0.37992013690815746 0.5765974601894779 0.38362806617227607 0.572767587180004 0.38590986879634914 0.5708526506752671 0.38861950941243584 0.5706510784116106 0.3940387906446092 0.5722636565208628 0.3988876212207644 0.5762951017939931 0.4071591557330291 0.5807296915944367 0.41115231032515687 0.5845595646039105 0.4080148317170565 0.5912114493045757 0.3917569880205362
1 0.5920177383592018 0.3255847119224187 0.5928240274138279 0.3221620079863092 0.5922193106228583 0.31446092413006277 0.5884902237452126 0.31089560752994866 0.5818383390445475 0.3100399315459213 0.5765974601894779 0.30690245293782087 0.5741785930255997 0.3080433542498574 0.5728683733118323 0.31132344552196234 0.5728683733118323 0.3167427267541358 0.5764966740576497 0.32986309184255563 0.5786131828260431 0.3334284084426697 0.5849627091312235 0.3349971477467199 0.5874823624269301 0.3334284084426697 0.5920177383592018 0.3255847119224187
1 0.6601491634751058 0.3187393040501997 0.6629711751662971 0.29962920707358814 0.6606530941342471 0.29863091842555617 0.6495666196331384 0.29863091842555617 0.6463414634146342 0.29920136908157446 0.6435194517234428 0.30119794637763836 0.6416045152187059 0.30504848830576153 0.6412013706913928 0.3084711922418711 0.6412013706913928 0.31160867084997146 0.6430155210643016 0.31788362806617226 0.6453336020963515 0.3220193953223046 0.6495666196331384 0.3257273245864233 0.6551098568836928 0.32615516257843696 0.6589397298931667 0.3221620079863092 0.6601491634751058 0.3187393040501997
1 0.6401935093731103 0.3546776953793497 0.6409997984277364 0.34897318881916717 0.6397903648457972 0.34412435824301196 0.6370691392864342 0.3399885909868796 0.6344486998588994 0.3382772390188249 0.6302156823221124 0.3377067883628066 0.6267889538399516 0.338562464346834 0.6236645837532756 0.34184255561893895 0.6226567224349929 0.35011409013120365 0.6285023180810321 0.3697946377638334 0.6298125377947994 0.37164860239589276 0.6317274742995364 0.37207644038790644 0.6379762144728885 0.3609526525955505 0.6401935093731103 0.3546776953793497
1 0.651683128401532 0.4057330290929835 0.651683128401532 0.3997432972047918 0.6501713364241081 0.3964632059326868 0.6467446079419472 0.3941814033086138 0.6390848619229994 0.3921848260125499 0.6320298326950211 0.3941814033086138 0.6293086071356582 0.39689104392470054 0.6287038903446885 0.3988876212207644 0.6293086071356582 0.4040216771249287 0.6324329772223342 0.40844266970907017 0.6445273130417255 0.41642897889332575 0.6482563999193711 0.41685681688533943 0.6504736948195928 0.4142897889332573 0.651683128401532 0.4057330290929835
1 0.690385003023584 0.36409013120365086 0.6909897198145535 0.3600969766115231 0.6892763555734731 0.35510553337136336 0.6828260431364644 0.34968625213918997 0.6781898810723644 0.3479749001711352 0.6747631525902036 0.34883057615516255 0.6726466438218102 0.3512549914432402 0.6712356379762144 0.3549629207073588 0.6690183430759927 0.36665715915573305 0.6704293489215883 0.3717912150598973 0.6723442854263253 0.3739304050199658 0.6741584357992341 0.3750713063320023 0.6790969562588188 0.3749286936679977 0.6860511993549687 0.3710781517398745 0.690385003023584 0.36409013120365086
1 0.6979439629107035 0.4112949229891614 0.6990526103608143 0.4051625784369652 0.6965329570651079 0.39960068454078723 0.6824228986091514 0.3850541928123217 0.6803063898407579 0.3880490587564176 0.6803063898407579 0.3997432972047918 0.6817173956863536 0.4100114090131204 0.6846401935093731 0.4152880775812892 0.6905865752872404 0.4165715915573303 0.6943156621648862 0.4152880775812892 0.6979439629107035 0.4112949229891614
1 0.686151985486797 0.43083285795778664 0.6869582745414231 0.4279806046776954 0.6865551300141101 0.4197090701654307 0.6816166095545253 0.4127210496292071 0.6751662971175166 0.41015402167712495 0.6709332795807297 0.4107244723331432 0.6698246321306188 0.4157159155733029 0.6708324934489014 0.42741015402167715 0.67496472485386 0.43468339988590987 0.6792985285224753 0.4362521391899601 0.6836323321910905 0.43439817455790075 0.686151985486797 0.43083285795778664
1 0.701269905261036 0.4619224187107815 0.7024793388429752 0.4565031374786081 0.7022777665793187 0.45108385624643466 0.701269905261036 0.4479463776383343 0.6983471074380165 0.44381061038220193 0.6902842168917557 0.439532230462065 0.6810118927635558 0.44381061038220193 0.6809111066317275 0.44965772960638906 0.6823221124773231 0.456217912150599 0.6841362628502318 0.46021106674272677 0.688066921991534 0.46662863662293214 0.6902842168917557 0.46833998859098686 0.6944164482967143 0.46933827723901883 0.6993549687562991 0.4654877353108956 0.701269905261036 0.4619224187107815
1 0.7087280790163274 0.49386765544780376 0.7093327958072969 0.48559612093553906 0.7075186454343882 0.46962350256702795 0.7058052811933078 0.46605818596691384 0.7019754081838339 0.4634911580148317 0.695021165087684 0.4704791785510553 0.690385003023584 0.47903593839132913 0.6895787139689579 0.48359954363947516 0.6905865752872404 0.4893040501996577 0.693106228582947 0.4934398174557901 0.6979439629107035 0.4968625213918996 0.7028824833702882 0.4984312606959498 0.7058052811933078 0.4980034227039361 0.7087280790163274 0.49386765544780376
1 0.7063092118524491 0.5115516257843696 0.705906067325136 0.5052766685681689 0.7044950614795404 0.5001426126640046 0.7017738359201774 0.49743297204791787 0.6947188066921992 0.4940102681118083 0.6908889336827253 0.4960068454078722 0.6891755694416448 0.4992869366799772 0.6885708526506753 0.5041357672561323 0.6901834307599274 0.5095550484883058 0.69814553517436 0.5162578436965203 0.7024793388429752 0.516970907016543 0.7045958476113687 0.5162578436965203 0.7063092118524491 0.5115516257843696