5 0.3912235152187059 0.48717701369081573 0.39315347954041524 0.4966724566457501 0.40389274118121343 0.49958188362806616 0.4083851933078008 0.4989184569309755 0.4136022342269704 0.4846559931545921 0.4109903037694013 0.4719157912150599 0.40241457972183026 0.46751546406160865 0.39001643519451723 0.4769023462635482 0.3912235152187059 0.48717701369081573
5 0.5178391453336021 0.5429264118653736 0.5178391453336021 0.5255276668568168 0.516629711751663 0.5221049629207074 0.5137069139286434 0.5191100969766115 0.5090707518645434 0.5185396463205932 0.4989921386817174 0.5211066742726754 0.4978834912316065 0.5221049629207074 0.4940536182221326 0.5323730747290359 0.4946583350131022 0.5377923559612093 0.49808506349526305 0.5457786651454649 0.5032251562185044 0.5507701083856247 0.5067526708324934 0.5520536223616657 0.514714775246926 0.5496292070735881 0.5178391453336021 0.5429264118653736
5 0.521669018343076 0.5785795778665146 0.5238863132432977 0.5697375926982317 0.5230800241886716 0.554905875641757 0.5215682322112477 0.5507701083856247 0.5177383592017738 0.5496292070735881 0.5058455956460391 0.551625784369652 0.5007055029227978 0.5606103822019395 0.5011086474501109 0.5717341699942955 0.5033259423503326 0.5768682258984598 0.5072566014916348 0.583000570450656 0.510078613182826 0.5847119224187107 0.5146139891150978 0.5848545350827153 0.5185446482563999 0.583000570450656 0.521669018343076 0.5785795778665146
5 0.4317677887522677 0.5808613804905876 0.4341866559161459 0.5745864232743868 0.43458980044345896 0.566029663434113 0.4337835113888329 0.5608956075299487 0.4309614996976416 0.5531945236737023 0.4274339850836525 0.5484883057615516 0.4236041120741786 0.5473474044495151 0.4159443660552308 0.5507701083856247 0.41281999596855473 0.5543354249857387 0.41019955654101997 0.5603251568739304 0.40999798427736345 0.5683114660581859 0.411005845595646 0.5754420992584142 0.41433178794597864 0.5824301197946378 0.41896795001007864 0.5858528237307473 0.4239064704696634 0.5862806617227609 0.4274339850836525 0.58499714774672 0.4317677887522677 0.5808613804905876
5 0.4434589800443459 0.543496862521392 0.4454747026809111 0.5389332572732458 0.44668413626285025 0.5329435253850542 0.44668413626285025 0.5263833428408443 0.44587784720822415 0.5226754135767256 0.44204797419875025 0.5115516257843696 0.4393267486393872 0.5096976611523103 0.4365047369481959 0.5105533371363377 0.4296512799838742 0.5168282943525385 0.42773634347913725 0.5198231602966343 0.42551904857891554 0.5283799201369082 0.42572062084257206 0.5389332572732458 0.4281394880064503 0.546063890473474 0.4306591413021568 0.5482030804335425 0.4355976617617416 0.5492013690815745 0.43972989316670025 0.5479178551055334 0.4434589800443459 0.543496862521392
5 0.42934892158838944 0.5112664004563605 0.43136464422495463 0.5064175698802054 0.4317677887522677 0.4995721620079863 0.4279379157427938 0.4847404449515117 0.41896795001007864 0.4780376497432972 0.4162467244507156 0.4804620650313748 0.40999798427736345 0.49358243011979464 0.40999798427736345 0.5015687393040502 0.411005845595646 0.5081289218482601 0.413323926627696 0.5128351397604107 0.4159443660552308 0.5151169423844837 0.42088288651481554 0.5155447803764974 0.4266276960290264 0.5142612664004563 0.42934892158838944 0.5112664004563605
5 0.4093932674863939 0.5817170564746149 0.41019955654101997 0.579435253850542 0.41080427333198954 0.5708784940102681 0.40999798427736345 0.5603251568739304 0.4070751864543439 0.5550484883057616 0.40022172949002216 0.5504848830576156 0.39619028421689173 0.549343981745579 0.3930659141302157 0.5543354249857387 0.3900423301753679 0.5623217341699943 0.38903446885708526 0.5663148887621221 0.38903446885708526 0.5717341699942955 0.3924611973392461 0.583998859098688 0.39598871195323526 0.5878494010268112 0.400524087885507 0.5888476896748431 0.40566418060874826 0.5861380490587564 0.4093932674863939 0.5817170564746149
5 0.415642007659746 0.6099543639475186 0.41745615803265473 0.6051055333713634 0.41745615803265473 0.5994010268111808 0.41584357992340254 0.5942669709070165 0.41201370691392863 0.5868511123787792 0.40788147550896997 0.583000570450656 0.40405160249949607 0.587564175698802 0.39800443458980045 0.5907016543069025 0.3954847812940939 0.5965487735310896 0.39488006450312435 0.6005419281232174 0.3952832090304374 0.6051055333713634 0.3984075791171135 0.6106674272675413 0.40385003023583954 0.61437535653166 0.4089901229590808 0.6145179691956646 0.4117113485184439 0.6140901312036509 0.415642007659746 0.6099543639475186
5 0.3492239467849224 0.5553337136337707 0.35113888328965936 0.5506274957216201 0.35154202781697236 0.5329435253850542 0.3492239467849224 0.5296634341129492 0.34095948397500503 0.5270964061608671 0.33733118322918765 0.5285225328009128 0.3309816569240073 0.5355105533371364 0.3293690788147551 0.539218482601255 0.32896593428744203 0.5452082144894467 0.3301753678693812 0.5494865944095836 0.3347107438016529 0.5550484883057616 0.3393469058657529 0.5581859669138619 0.3430759927433985 0.5586138049058756 0.345192501511792 0.558471192241871 0.3492239467849224 0.5553337136337707
5 0.3777464220923201 0.46762692527096406 0.3797621447288853 0.45735881346263546 0.3789558556742592 0.4490872789503708 0.3767385607740375 0.44366799771819737 0.37401733521467445 0.44010268111808326 0.369179600886918 0.43782087849401025 0.3657528724047571 0.43839132915002854 0.3614190687361419 0.44309754706217913 0.3585970570449506 0.44965772960638906 0.35819391251763755 0.456217912150599 0.35900020157226364 0.460781517398745 0.36081435194517236 0.4647746719908728 0.3647450110864745 0.4694808899030234 0.37351340455553317 0.4701939532230462 0.3764362023785527 0.47005134055904163 0.3777464220923201 0.46762692527096406
5 0.3213061882684943 0.4744723331431831 0.32493448901431166 0.4662007986309184 0.3243297722233421 0.460781517398745 0.3217093327958073 0.45764403879064464 0.32029832695021165 0.4533656588705077 0.3173755291271921 0.45008556759840274 0.3145535174360008 0.44894466628636626 0.30911106631727475 0.44894466628636626 0.30628905462608347 0.45008556759840274 0.3025599677484378 0.4545065601825442 0.3003426728482161 0.4604962920707359 0.29993952832090304 0.4662007986309184 0.30074581737552913 0.46962350256702795 0.30175367869381176 0.4721905305191101 0.3056843378351139 0.47661152310325156 0.3095142108445878 0.4777524244152881 0.31505744809514213 0.47760981175128353 0.3181818181818182 0.47718197375926985 0.3213061882684943 0.4744723331431831
5 0.28965934287442047 0.6493154592127781 0.29107034872001614 0.6396177980604678 0.29046563192904656 0.6319167142042214 0.2892561983471074 0.6273531089560753 0.2863334005240879 0.6220764403879064 0.28290667204192704 0.6203650884198517 0.27847208224148357 0.62093553907587 0.27464220923200966 0.618938961779806 0.27171941140899014 0.6216486023958927 0.2676879661358597 0.6324871648602396 0.26728482160854666 0.6438961779806047 0.26930054424511185 0.6501711351968055 0.2726264865954445 0.6551625784369652 0.27746422092320094 0.6580148317170564 0.28260431364644223 0.658157444381061 0.2869381173150575 0.6540216771249286 0.28965934287442047 0.6493154592127781
5 0.3392461197339246 0.67156303479749 0.33743196936101594 0.6578722190530519 0.3364241080427333 0.6550199657729606 0.3296714372102399 0.6468910439247005 0.32160854666397903 0.6468910439247005 0.3190888933682725 0.6493154592127781 0.3178794597863334 0.655875641756988 0.31868574884095946 0.6727039361095265 0.32009675468655513 0.6769823160296634 0.32402741382785727 0.6828294352538505 0.32997379560572465 0.684968625213919 0.3356178189881072 0.6815459212778094 0.3392461197339246 0.67156303479749
5 0.3610159242088289 0.6635767256132344 0.362225357790768 0.6575869937250428 0.3616206409997984 0.649030233884769 0.35980649062688974 0.644466628636623 0.3550695424309615 0.6394751853964632 0.3510380971578311 0.6380490587564176 0.3413626285023181 0.6374786081003994 0.3400524087885507 0.640188248716486 0.33682725257004636 0.6550199657729606 0.3380366861519855 0.6652880775812893 0.3392461197339246 0.669281232173417 0.34297520661157027 0.6739874500855676 0.3499294497077202 0.6747005134055905 0.3530538197943963 0.6734169994295494 0.3610159242088289 0.6635767256132344
5 0.3528522475307398 0.7090701654306902 0.3555734730901028 0.7049343981745579 0.3573876234630115 0.6992298916143753 0.35819391251763755 0.6929549343981746 0.35779076799032455 0.6858243011979464 0.35698447893569846 0.682686822589846 0.35265067526708327 0.674843126069595 0.3474097964120137 0.6745579007415858 0.34337835113888326 0.6759840273816314 0.3394476919975811 0.6812606959498003 0.33662568030638984 0.6901026811180833 0.3362225357790768 0.6989446662863662 0.33763354162467246 0.7060752994865944 0.34116105623866155 0.7110667427267542 0.3458980044345898 0.712065031374786 0.34942551904857894 0.7113519680547633 0.3528522475307398 0.7090701654306902
5 0.5093731102600282 0.6441814033086138 0.5105825438419673 0.6387621220764403 0.5105825438419673 0.6319167142042214 0.5091715379963717 0.626497432972048 0.5060471679096956 0.6212207644038791 0.5026204394275348 0.6197946377638335 0.4977827050997783 0.6206503137478608 0.49435597661761743 0.6232173416999429 0.4916347510582544 0.6273531089560753 0.49002217294900224 0.6322019395322305 0.4898206006853457 0.6381916714204221 0.492642612376537 0.649030233884769 0.4953638379359 0.6523103251568739 0.49909292481354567 0.6530233884768968 0.5068534569643217 0.648031945236737 0.5093731102600282 0.6441814033086138
5 0.3924611973392461 0.7457216200798631 0.3944769199758113 0.7368796349115802 0.39488006450312435 0.732030804335425 0.3938722031848418 0.7283228750713063 0.38470066518847007 0.7221905305191101 0.38006450312437007 0.721905305191101 0.37683934690586574 0.7236166571591557 0.37411812134650274 0.7271819737592699 0.372303970973594 0.732030804335425 0.371900826446281 0.7394466628636623 0.37331183229187664 0.7471477467199087 0.3766377746422092 0.753565316600114 0.38077000604716793 0.7542783799201369 0.388933682725257 0.7527096406160867 0.3924611973392461 0.7457216200798631
5 0.38953839951622654 0.7829435253850542 0.39205805281193307 0.7770964061608671 0.39346905865752874 0.7711066742726754 0.3938722031848418 0.7645464917284654 0.3932674863938722 0.7594124358243012 0.390848619229994 0.7539931545921278 0.38832896593428745 0.7512835139760411 0.3772424914331788 0.753565316600114 0.3739165490828462 0.7608385624643468 0.37331183229187664 0.7776668568168853 0.37431969361015927 0.781374786081004 0.3772424914331788 0.7855105533371364 0.381979439629107 0.7873645179691957 0.3851038097157831 0.786936679977182 0.38953839951622654 0.7829435253850542
5 0.4333803668615199 0.7397318881916715 0.4364039508163677 0.7326012549914432 0.43620237855271116 0.7266115231032516 0.4347913727071155 0.7206217912150599 0.4306591413021568 0.7144894466628636 0.4274339850836525 0.7122076440387907 0.4197742390647047 0.7116371933827724 0.4157427937915743 0.7139189960068454 0.4146341463414634 0.7157729606389047 0.41221527917758516 0.7326012549914432 0.4134247127595243 0.7383057615516257 0.4159443660552308 0.7438676554478038 0.4197742390647047 0.7472903593839133 0.42410804273331987 0.7480034227039362 0.4282402741382786 0.7467199087278951 0.4333803668615199 0.7397318881916715
5 0.45777061076395886 0.75656018254421 0.46018947792783715 0.7497147746719909 0.4609957669824632 0.7437250427837993 0.4609957669824632 0.7380205362236166 0.4595847611368676 0.7323160296634341 0.4546462406772828 0.7244723331431832 0.45202580124974806 0.7233314318311466 0.4429550493852046 0.7267541357672561 0.43821810118927634 0.7351682829435254 0.43700866760733725 0.7428693667997718 0.43741181213465025 0.7494295493439818 0.43902439024390244 0.7548488305761551 0.4437613384398307 0.7609811751283514 0.44970772021769806 0.7614090131203651 0.4526305180407176 0.7606959498003423 0.45777061076395886 0.75656018254421
5 0.4656319290465632 0.7762407301768397 0.46603507357387625 0.7713918996006845 0.4648256399919371 0.767969195664575 0.4588792582140697 0.7572732458642327 0.45121951219512196 0.7612664004563605 0.4431566216488611 0.7612664004563605 0.4410401128804676 0.7648317170564746 0.43922596250755896 0.7711066742726754 0.4386212457165894 0.7796634341129492 0.4402338238258416 0.78593839132915 0.4437613384398307 0.7900741585852824 0.44718806692199153 0.791500285225328 0.4511187260632937 0.7913576725613235 0.4588792582140697 0.786936679977182 0.4656319290465632 0.7762407301768397
5 0.5031243700866761 0.7711066742726754 0.5035275146139891 0.7665430690245294 0.5059463817778673 0.7596976611523103 0.5063495263051804 0.7557045065601825 0.5059463817778673 0.7517113519680547 0.5038298730094739 0.749001711351968 0.48992138681717395 0.7470051340559042 0.485688369280387 0.7495721620079863 0.482967143721024 0.7548488305761551 0.48236242693005443 0.7591272104962921 0.482967143721024 0.7654021677124929 0.4867970167304979 0.7770964061608671 0.490324531344487 0.7815173987450086 0.49425519048578914 0.7822304620650313 0.4997984277363435 0.778094694808899 0.5031243700866761 0.7711066742726754
5 0.376940133037694 0.82843696520251 0.37935900020157226 0.8221620079863092 0.3805684337835114 0.8158870507701084 0.38097157831082445 0.8067598402738163 0.37996371699254183 0.8010553337136338 0.3764362023785527 0.7949229891614376 0.3734126184237049 0.7932116371933827 0.3685748840959484 0.793496862521392 0.3653497278774441 0.7963491158014832 0.3610159242088289 0.803907586993725 0.3594033460995767 0.8098973188819167 0.3596049183632332 0.8170279520821448 0.36383793590002017 0.8324301197946378 0.364946583350131 0.8342840844266971 0.36887724249143317 0.83499714774672 0.37401733521467445 0.8322875071306332 0.376940133037694 0.82843696520251
5 0.5053416649868978 0.8287221905305191 0.5051400927232412 0.8198802053622362 0.5021165087683934 0.810467769537935 0.4991937109453739 0.8066172276098118 0.49435597661761743 0.8034797490017114 0.490324531344487 0.8037649743297205 0.4866962305986696 0.8063320022818026 0.48377343277565005 0.8116086708499715 0.4821608546663979 0.817313177410154 0.48236242693005443 0.8270108385624644 0.48457972183027614 0.8332857957786651 0.4885103809715783 0.8382772390188249 0.49294497077202176 0.840844266970907 0.49667405764966743 0.8409868796349116 0.5041322314049587 0.8381346263548203 0.5053416649868978 0.8287221905305191
5 0.5347712154807498 0.7206217912150599 0.5361822213263455 0.7160581859669138 0.5359806490626889 0.7097832287507131 0.5347712154807498 0.7052196235025671 0.5312437008667608 0.6993725042783799 0.5258012497480347 0.6962350256702795 0.5217698044749043 0.6965202509982886 0.5171336424108043 0.6999429549343982 0.5142108445877848 0.7046491728465488 0.512799838742189 0.7097832287507131 0.512799838742189 0.7160581859669138 0.5142108445877848 0.7211922418710781 0.5191493650473695 0.7287507130633201 0.5217698044749043 0.7318881916714204 0.5257004636162064 0.732030804335425 0.5308405563394477 0.7270393610952652 0.5347712154807498 0.7206217912150599
5 0.5674259221931063 0.7383057615516257 0.5690385003023584 0.7337421563034797 0.5698447893569845 0.7266115231032516 0.5688369280387019 0.7197661152310325 0.5674259221931063 0.7160581859669138 0.563092118524491 0.7102110667427267 0.5564402338238258 0.7076440387906446 0.5514009272324129 0.7102110667427267 0.5490828462003629 0.7132059326868226 0.546059262245515 0.7211922418710781 0.545656117718202 0.7286081003993155 0.5462608345091715 0.7326012549914432 0.5511993549687563 0.7410154021677124 0.5532150776053215 0.7424415288077582 0.5587583148558758 0.7431545921277809 0.5638984075791171 0.7418710781517399 0.5674259221931063 0.7383057615516257
5 0.6049183632332191 0.7260410724472333 0.6059262245515017 0.7220479178551056 0.6059262245515017 0.7154877353108956 0.6045152187059061 0.7106389047347405 0.6051199354968756 0.7057900741585853 0.6120741785930256 0.7027952082144895 0.6149969764160451 0.6992298916143753 0.6168111267889539 0.694095835710211 0.6170126990526104 0.6869652025099829 0.6158032654706712 0.6769823160296634 0.6120741785930256 0.6719908727895038 0.6078411610562386 0.6688533941814033 0.6040112880467647 0.6682829435253851 0.5983672646643822 0.6714204221334854 0.5960491836323322 0.6744152880775813 0.59443660552308 0.6806902452937821 0.5934287442047974 0.6929549343981746 0.5942350332594235 0.6969480889903024 0.5962507558959887 0.6992298916143753 0.5921185244910301 0.7002281802624073 0.5884902237452126 0.7027952082144895 0.5845595646039105 0.7097832287507131 0.5825438419673453 0.7169138619509412 0.5823422697036887 0.7214774671990872 0.5850634952630518 0.7296063890473474 0.5899012295908083 0.7327438676554479 0.5968554726869583 0.7334569309754706 0.6005845595646039 0.7318881916714204 0.6049183632332191 0.7260410724472333
5 0.6553114291473493 0.8067598402738163 0.656319290465632 0.7962065031374786 0.6551098568836928 0.787934968625214 0.6532957065107842 0.7825156873930404 0.6501713364241081 0.7769537934968626 0.6433178794597864 0.773531089560753 0.6392864341866559 0.7732458642327439 0.6365652086272929 0.7768111808328579 0.6337431969361016 0.7845122646891044 0.6329369078814755 0.7936394751853965 0.6333400524087885 0.7990587564175698 0.6353557750453538 0.805904164289789 0.6396895787139689 0.8131774101540217 0.6429147349324733 0.816029663434113 0.6476516831284015 0.8167427267541357 0.6511791977423906 0.8148887621220764 0.6553114291473493 0.8067598402738163
5 0.5861721427131626 0.6381916714204221 0.5867768595041323 0.6296349115801483 0.5855674259221931 0.6225042783799202 0.5835517032856279 0.6167997718197376 0.5806289054626084 0.6126640045636053 0.5761943156621648 0.6118083285795779 0.5699455754888128 0.6158014831717057 0.5668212054021367 0.6193667997718197 0.5644023382382584 0.6247860810039931 0.5625881878653497 0.6327723901882487 0.5703487200161258 0.6443240159726183 0.573170731707317 0.6466058185966914 0.5771013908486192 0.6467484312606959 0.5845595646039105 0.6416143753565317 0.5861721427131626 0.6381916714204221
5 0.5617818988107236 0.6182258984597833 0.565007055029228 0.6108100399315459 0.5648054827655714 0.6048203080433543 0.5582543841967346 0.5938391329150029 0.5514009272324129 0.5872789503707929 0.5457569038500303 0.5852823730747291 0.5421286031042128 0.5858528237307473 0.5412215279177586 0.5868511123787792 0.5404152388631325 0.5951226468910439 0.5438419673452933 0.6162293211637193 0.5459584761136868 0.6217912150598973 0.5487804878048781 0.6237877923559612 0.5535174360008063 0.6247860810039931 0.5578512396694215 0.6229321163719338 0.5617818988107236 0.6182258984597833
5 0.5690385003023584 0.5788648031945237 0.5710542229389236 0.5717341699942955 0.5712557952025801 0.5651739874500855 0.5704495061479541 0.5606103822019395 0.5669219915339649 0.5550484883057616 0.563092118524491 0.5524814603536794 0.5596653900423302 0.5519110096976612 0.5566418060874824 0.5527666856816885 0.5505946381777868 0.5579007415858528 0.5470671235637976 0.5631774101540217 0.546059262245515 0.5677410154021677 0.5464624067728281 0.5714489446662864 0.552207216287039 0.5804335424985738 0.5560370892965129 0.5835710211066742 0.5615803265470671 0.5842840844266971 0.5659141302156824 0.583000570450656 0.5690385003023584 0.5788648031945237
5 0.6262850231808104 0.6165145464917284 0.6297117516629712 0.6059612093553908 0.6299133239266277 0.5994010268111808 0.625781092521669 0.5881346263548203 0.6199354968756299 0.5847119224187107 0.6157024793388429 0.5841414717626925 0.6108647450110865 0.587564175698802 0.6079419471880669 0.5922703936109527 0.6055230800241886 0.5991158014831717 0.6051199354968756 0.6071021106674273 0.6053215077605322 0.6105248146035368 0.6077403749244104 0.6170849971477467 0.6116710340657125 0.6215059897318882 0.6160048377343278 0.6225042783799202 0.6213465027212256 0.6217912150598973 0.6262850231808104 0.6165145464917284
5 0.565007055029228 0.5155447803764974 0.5652086272928845 0.5104107244723332 0.5637976214472888 0.5049914432401598 0.5633944769199758 0.4950085567598403 0.5612779681515824 0.49286936679977184 0.5530135053416649 0.49286936679977184 0.5493852045958476 0.49486594409583573 0.546059262245515 0.49985738733599544 0.5446482563999193 0.5044209925841415 0.5448498286635759 0.5098402738163149 0.5468655513001411 0.5155447803764974 0.5511993549687563 0.5219623502567028 0.553819794396291 0.5239589275527667 0.5577504535375932 0.5246719908727895 0.5620842572062085 0.5219623502567028 0.565007055029228 0.5155447803764974
5 0.5842572062084257 0.5102681118083285 0.5865752872404757 0.5052766685681689 0.5867768595041323 0.4992869366799772 0.5845595646039105 0.49244152880775816 0.5802257609352953 0.4851682829435254 0.5767990324531345 0.4831717056474615 0.5725660149163475 0.4840273816314889 0.5691392864341867 0.4877353108956075 0.5642007659746019 0.4950085567598403 0.5631929046563193 0.4992869366799772 0.5629913323926627 0.5049914432401598 0.5652086272928845 0.5129777524244152 0.5679298528522475 0.5151169423844837 0.573876234630115 0.5158300057045065 0.5786131828260431 0.5145464917284654 0.5842572062084257 0.5102681118083285
5 0.7742390647046966 0.7907872219053051 0.7765571457367466 0.7826583000570451 0.7844184640193509 0.7863662293211637 0.7886514815561378 0.7855105533371364 0.7937915742793792 0.7819452367370222 0.7962104414432574 0.7773816314888762 0.7962104414432574 0.7671135196805476 0.7904656319290465 0.7547062179121506 0.7819995968554727 0.749001711351968 0.7765571457367466 0.7492869366799771 0.7738359201773836 0.754563605248146 0.7722233420681315 0.7599828864803194 0.7734327756500705 0.765687393040502 0.7727272727272727 0.768967484312607 0.7646643821810118 0.7615516257843696 0.7594235033259423 0.7598402738163149 0.755392058052812 0.7612664004563605 0.7527716186252772 0.7672561323445521 0.748840959483975 0.769965772960639 0.7478330981656924 0.7762407301768397 0.7478330981656924 0.7839418140330862 0.748840959483975 0.787934968625214 0.7568030638984076 0.796063890473474 0.7651683128401532 0.797062179121506 0.7727272727272727 0.7929264118653736 0.7742390647046966 0.7907872219053051
5 0.7089296512799839 0.6547347404449515 0.7061076395887926 0.6496006845407872 0.7048982060068535 0.644466628636623 0.7015722636565208 0.6403308613804906 0.6979439629107035 0.6380490587564176 0.6943156621648862 0.6340559041642898 0.6898810723644426 0.6332002281802624 0.6863535577504536 0.6364803194523674 0.6837331183229187 0.6430405019965773 0.6827252570046362 0.6493154592127781 0.6835315460592623 0.6575869937250428 0.6864543438822818 0.6622932116371933 0.6892763555734731 0.6640045636052482 0.6986494658335013 0.66500285225328 0.7072162870389035 0.6585852823730747 0.7089296512799839 0.6547347404449515
5 0.7260632936907881 0.6347689674843126 0.7256601491634751 0.6273531089560753 0.7238459987905664 0.6213633770678836 0.7201169119129208 0.6155162578436966 0.7138681717395686 0.6123787792355961 0.7100382987300947 0.6129492298916144 0.7062084257206208 0.6158014831717057 0.7028824833702882 0.6216486023958927 0.701269905261036 0.6270678836280662 0.7010683329973796 0.6361950941243583 0.7026809111066318 0.6416143753565317 0.7041927030840557 0.6437535653166001 0.7098367264664383 0.6466058185966914 0.7128603104212861 0.6494580718767826 0.7177988308808708 0.6496006845407872 0.725257004636162 0.6381916714204221 0.7260632936907881 0.6347689674843126
5 0.7352348316871599 0.6717056474614945 0.7377544849828663 0.6658585282373075 0.7389639185648055 0.660439247005134 0.738762346301149 0.6496006845407872 0.7373513404555533 0.6456075299486594 0.7334206813142512 0.638904734740445 0.7297923805684338 0.636908157444381 0.7263656520862729 0.6371933827723902 0.7237452126587381 0.6397604107244723 0.7192098367264664 0.6467484312606959 0.7175972586172142 0.653593839132915 0.7177988308808708 0.6681403308613805 0.7219310622858295 0.6739874500855676 0.7258617214271317 0.676126640045636 0.7332191090505946 0.6737022247575585 0.7352348316871599 0.6717056474614945
5 0.7865349727877444 0.5828579577866515 0.7867365450514009 0.5811466058185967 0.7861318282604314 0.5720193953223046 0.7837129610965531 0.5663148887621221 0.7785728683733119 0.560467769537935 0.7731304172545858 0.5579007415858528 0.7686958274541423 0.558471192241871 0.7660753880266076 0.560467769537935 0.7631525902035879 0.5657444381061039 0.7617415843579923 0.5717341699942955 0.7617415843579923 0.5780091272104962 0.7645635960491837 0.5857102110667427 0.7672848216085467 0.5884198516828294 0.7712154807498488 0.5888476896748431 0.7842168917556944 0.5861380490587564 0.7865349727877444 0.5828579577866515
5 0.8705906067325136 0.7391614375356532 0.8713968957871396 0.7331717056474615 0.8705906067325136 0.7211922418710781 0.869582745414231 0.718625213918996 0.8670630921185245 0.7159155733029093 0.8608143519451723 0.7142042213348545 0.8555734730901028 0.7110667427267542 0.8511388832896594 0.7122076440387907 0.8470066518847007 0.7171990872789503 0.8453940737754485 0.7214774671990872 0.844789356984479 0.727467199087279 0.8457972183027616 0.734312606959498 0.8482160854666397 0.7403023388476897 0.8509373110260028 0.7438676554478038 0.8551703285627897 0.746434683399886 0.8613182826043136 0.7471477467199087 0.8664583753275549 0.7450085567598402 0.8705906067325136 0.7391614375356532
5 0.7667808909494054 0.5300912721049629 0.7661761741584358 0.5232458642327439 0.7633541624672445 0.5141186537364518 0.7568030638984076 0.5068454078722191 0.7529731908889337 0.5062749572162007 0.7463213061882685 0.5105533371363377 0.7450110864745011 0.5152595550484883 0.744607941947188 0.5226754135767256 0.7452126587381577 0.5272390188248717 0.7464220923200967 0.5298060467769538 0.7489417456158033 0.5328009127210497 0.7547873412618423 0.5350827153451226 0.7574077806893772 0.5376497432972048 0.7611368675670228 0.5383628066172276 0.7651683128401532 0.5349401026811181 0.7667808909494054 0.5300912721049629
5 0.696633743196936 0.48359954363947516 0.6978431767788752 0.47818026240730177 0.6980447490425318 0.47162007986309185 0.6935093731102601 0.4620650313747861 0.6896795001007862 0.4600684540787222 0.683833904454747 0.46063890473474045 0.6805079621044144 0.46420422133485456 0.6778875226768797 0.4727609811751283 0.67728280588591 0.47760981175128353 0.6784922394678492 0.48531089560752994 0.6818181818181818 0.4885909868796349 0.6911912920782101 0.48958927552766685 0.6941140899012296 0.4874500855675984 0.696633743196936 0.48359954363947516
5 0.7130618826849425 0.49087278950370794 0.7153799637169925 0.48844837421563037 0.7169925418262447 0.4830290929834569 0.7163878250352751 0.4773245864232744 0.7141705301350534 0.4730462065031375 0.7098367264664383 0.46833998859098686 0.7064099979842774 0.466343411294923 0.7021769804474904 0.46662863662293214 0.6980447490425318 0.4713348545350827 0.6970368877242491 0.48017683970336567 0.6948195928240274 0.48816314888762125 0.697339246119734 0.4940102681118083 0.7046966337431969 0.494438106103822 0.7096351542027817 0.49315459212778096 0.7130618826849425 0.49087278950370794
5 0.7022777665793187 0.42056474614945805 0.7040919169522274 0.41628636622932114 0.7044950614795404 0.41086708499714775 0.7020761943156621 0.4017398745008557 0.697742390647047 0.3953223046206503 0.6941140899012296 0.3927552766685682 0.6900826446280992 0.39247005134055907 0.6844386212457166 0.39560752994865944 0.6805079621044144 0.40059897318881915 0.6786938117315058 0.40487735310895606 0.6786938117315058 0.4105818596691386 0.6801048175771014 0.41742726754135767 0.6822213263454948 0.42184826012549914 0.6870590606732514 0.4247005134055904 0.6946180205603709 0.42512835139760413 0.6979439629107035 0.42413006274957216 0.7022777665793187 0.42056474614945805
5 0.6536988510380971 0.46734169994295494 0.6557145736746623 0.45935539075869936 0.6559161459383189 0.4547917855105533 0.6550090707518645 0.44894466628636626 0.6509776254787342 0.44808899030233884 0.6467446079419472 0.4495151169423845 0.640495867768595 0.455219623502567 0.6365652086272929 0.460781517398745 0.6357589195726668 0.4667712492869367 0.6369683531546059 0.47162007986309185 0.6408990122959081 0.47746719908727897 0.6444265269098972 0.47875071306332 0.6487603305785123 0.47746719908727897 0.6536988510380971 0.46734169994295494
5 0.6065309413424713 0.43938961779806046 0.6079419471880669 0.43311466058185966 0.6077403749244104 0.42683970336565885 0.6061277968151583 0.42113519680547634 0.6026002822011691 0.4161437535653166 0.5977625478734127 0.41386195094124356 0.5939326748639387 0.41414717626925274 0.5903043741181213 0.41871078151739877 0.5848619229993953 0.4209925841414718 0.5841564200765975 0.42256132344552194 0.5877847208224148 0.4305476326297775 0.5883894376133844 0.4385339418140331 0.5895988711953235 0.4419566457501426 0.5949405361822213 0.4466628636622932 0.6000806289054627 0.4468054763262978 0.6040112880467647 0.44409583571021105 0.6065309413424713 0.43938961779806046
5 0.40304374118121344 0.4055904164289789 0.4065712557952026 0.39945807187678267 0.4073775448498287 0.3946092413006275 0.40697440032251564 0.38861950941243584 0.4037492441040113 0.3820593268682259 0.4021366659947591 0.3757843696520251 0.40022172949002216 0.37278950370792924 0.39619028421689173 0.3742156303479749 0.3907478330981657 0.37992013690815746 0.3864140294295505 0.3874786081003993 0.38520459584761135 0.3937535653166001 0.3858093126385809 0.39917284654877355 0.388933682725257 0.40587564175698804 0.39215883894376136 0.40815744438106105 0.3968957871396896 0.40858528237307473 0.40002015722636564 0.40787221905305193 0.40304374118121344 0.4055904164289789
5 0.44134247127595244 0.3291500285225328 0.4444668413626285 0.32187678265830005 0.44406369683531544 0.31645750142612666 0.4422495464624068 0.3110382201939532 0.43852045958476116 0.30690245293782087 0.43388429752066116 0.3060467769537935 0.43005442451118725 0.3074729035938391 0.4237048982060069 0.31588705077010837 0.4214876033057851 0.32187678265830005 0.4212860310421286 0.3275812892184826 0.4231001814150373 0.33243011979463777 0.42723241281999597 0.3365658870507701 0.4319693610159242 0.3367084997147747 0.43670630921185244 0.33371363377067886 0.44134247127595244 0.3291500285225328
5 0.4626083450917154 0.34583571021106674 0.464019350937311 0.3392755276668568 0.4646240677282806 0.33014831717056475 0.4626083450917154 0.32415858528237307 0.4588792582140697 0.3194523673702225 0.45101793993146544 0.3174557900741586 0.44658335013102196 0.3194523673702225 0.444668413626285 0.32159155733029093 0.4416448296714372 0.32815173987450086 0.4408385406168111 0.33328579577866513 0.44305583551703287 0.34412435824301196 0.44577706107639586 0.34854535082715343 0.4508163676678089 0.3522532800912721 0.4553517436000806 0.35239589275527666 0.46008869179600886 0.3499714774671991 0.4626083450917154 0.34583571021106674
5 0.4761136867567023 0.31959498003422704 0.4781294093932675 0.31132344552196234 0.47772626486595443 0.3064746149458072 0.47591211449304577 0.30162578436965204 0.47278774440636967 0.2977752424415288 0.4677484378149567 0.2957786651454649 0.4631122757508567 0.29606389047347403 0.4595847611368676 0.29962920707358814 0.45777061076395886 0.30504848830576153 0.4579721830276154 0.31588705077010837 0.45938318887321106 0.3201654306902453 0.46532957065107844 0.32943525385054195 0.468655513001411 0.33014831717056475 0.47057044950614796 0.3300057045065602 0.4761136867567023 0.31959498003422704
5 0.49425519048578914 0.3809184255561894 0.49586776859504134 0.3774957216200799 0.4968756299133239 0.37236166571591556 0.4968756299133239 0.36580148317170563 0.4948599072767587 0.3592413006274957 0.4909292481354566 0.35282373074729034 0.48689780286232615 0.34968625213918997 0.4834710743801653 0.34968625213918997 0.47863334005240876 0.35339418140330864 0.47671840354767187 0.3566742726754136 0.4755089699657327 0.3632344552196235 0.4755089699657327 0.3726468910439247 0.4763152590203588 0.3774957216200799 0.47923805684337833 0.38391329150028525 0.48226164079822614 0.3870507701083856 0.48639387220318486 0.3877638334284084 0.49173553719008267 0.3847689674843126 0.49425519048578914 0.3809184255561894
5 0.5134045555331587 0.416001140901312 0.5138077000604717 0.4043069024529378 0.5132029832695021 0.39917284654877355 0.5106833299737956 0.39389617798060467 0.5062487401733522 0.3899030233884769 0.5018141503729087 0.3884768967484313 0.49818584962709134 0.3890473474044495 0.4925418262447087 0.3933257273245864 0.49002217294900224 0.3977467199087279 0.48921588389437615 0.4051625784369652 0.4908284620036283 0.411437535653166 0.49375125982664786 0.4161437535653166 0.4979842773634348 0.42013690815744437 0.5025196532957065 0.42113519680547634 0.509675468655513 0.41985168282943525 0.5134045555331587 0.416001140901312
5 0.517032856278976 0.35239589275527666 0.5186454343882282 0.3455504848830576 0.5180407175972587 0.3387050770108386 0.5164281394880065 0.333000570450656 0.5131021971376739 0.32743867655447806 0.5082644628099173 0.32515687393040504 0.5036283007458173 0.3257273245864233 0.49959685547268695 0.32886480319452366 0.4962709131223544 0.33585282373074726 0.49506147954041524 0.3429834569309755 0.49586776859504134 0.35039931545921277 0.49727877444063695 0.35439247005134056 0.5003023583954848 0.3578151739874501 0.5022172949002217 0.3625213918996007 0.5063495263051804 0.36266400456360526 0.5131021971376739 0.3596691386195094 0.517032856278976 0.35239589275527666
5 0.5388026607538803 0.3609526525955505 0.5398105220721628 0.3515402167712493 0.5388026607538803 0.3444095835710211 0.5364845797218303 0.3399885909868796 0.5334609957669825 0.33713633770678836 0.5300342672848216 0.3357102110667427 0.5255996774843782 0.3365658870507701 0.5200564402338238 0.3444095835710211 0.5190485789155412 0.3492584141471763 0.5200564402338238 0.3552481460353679 0.5223745212658738 0.3585282373074729 0.5296311227575086 0.3645179691956646 0.5343680709534369 0.36608670849971475 0.5372908687764564 0.36508841985168283 0.5388026607538803 0.3609526525955505
5 0.5473694819592824 0.4090131203650884 0.5492844184640193 0.4060182544209926 0.5510985688369281 0.39945807187678267 0.5513001411005846 0.393468339988591 0.5492844184640193 0.3851968054763263 0.5467647651683128 0.3827723901882487 0.5415238863132433 0.3807758128921848 0.5372908687764564 0.38163148887621223 0.5338641402942955 0.38391329150028525 0.530538197943963 0.38861950941243584 0.5291271920983672 0.3937535653166001 0.5295303366256803 0.4071591557330291 0.5336625680306389 0.41243582430119796 0.5366861519854867 0.41414717626925274 0.5386010884902237 0.4140045636052481 0.5415238863132433 0.4132915002852253 0.5473694819592824 0.4090131203650884
5 0.5708526506752671 0.30618938961779807 0.5718605119935497 0.30162578436965204 0.5716589397298931 0.29563605248146035 0.5710542229389236 0.2922133485453508 0.5687361419068736 0.2872219053051911 0.5604716790969563 0.2818026240730177 0.5562386615601693 0.28151739874500853 0.5497883491231607 0.2855105533371363 0.5474702680911107 0.28907586993725043 0.5458576899818585 0.2939247005134056 0.546059262245515 0.29962920707358814 0.5500907075186454 0.3107529948659441 0.5530135053416649 0.3154592127780947 0.5562386615601693 0.31717056474614946 0.560370892965128 0.3170279520821449 0.5649062688973997 0.31488876212207645 0.5708526506752671 0.30618938961779807
5 0.3317879459786333 0.42741015402167715 0.3309816569240073 0.4217056474614946 0.32896593428744203 0.416001140901312 0.3228179802459182 0.4067313177410154 0.31798024591816165 0.4047347404449515 0.31435194517234427 0.40616086708499716 0.31042128603104213 0.41086708499714775 0.3080024188671639 0.41628636622932114 0.3071961298125378 0.42056474614945805 0.30780084660350737 0.4259840273816315 0.30911106631727475 0.42812321734169995 0.31193307800846604 0.4295493439817456 0.3221124773231203 0.43083285795778664 0.32946986494658337 0.43040501996577296 0.3317879459786333 0.42741015402167715
5 0.35597661761741584 0.41115231032515687 0.3541624672445072 0.4040216771249287 0.3522475307397702 0.4007415858528237 0.3492239467849224 0.3987450085567598 0.34499092924813546 0.3987450085567598 0.34116105623866155 0.4007415858528237 0.3370288248337029 0.4057330290929835 0.3354162467244507 0.4100114090131204 0.33521467446079417 0.4165715915573303 0.3362225357790768 0.4199942954934398 0.34196734529328765 0.4275527666856817 0.34882080225760936 0.4329720479178551 0.35315460592622455 0.43282943525385054 0.3563797621447289 0.4199942954934398 0.35597661761741584 0.41115231032515687
5 0.28885305381979437 0.4105818596691386 0.2908687764563596 0.4051625784369652 0.29107034872001614 0.39489446662863664 0.2890546260834509 0.3883342840844267 0.2863334005240879 0.38391329150028525 0.27847208224148357 0.37992013690815746 0.2748437814956662 0.3802053622361666 0.2707115500907075 0.3874786081003993 0.26788953839951624 0.3946092413006275 0.26728482160854666 0.4051625784369652 0.26889739971779886 0.41086708499714775 0.272828058859101 0.41642897889332575 0.2795807296915944 0.4185681688533942 0.2845192501511792 0.41642897889332575 0.28885305381979437 0.4105818596691386