0 0.2750453537593227 0.35909868796349115 0.2763555734730901 0.3578151739874501 0.2771618625277162 0.34897318881916717 0.2763555734730901 0.3444095835710211 0.2748437814956662 0.34227039361095263 0.2706107639588793 0.3394181403308614 0.2629510179399315 0.3405590416428979 0.2531747631525902 0.34982886480319453 0.2533763354162467 0.3546776953793497 0.25508969965732714 0.35767256132344555 0.258516428139488 0.3602395892755277 0.26345494859907276 0.3609526525955505 0.26718403547671843 0.35795778665145467 0.2750453537593227 0.35909868796349115
0 0.3023583954847813 0.4376782658300057 0.30316468453940737 0.4217056474614946 0.30215682322112475 0.4185681688533942 0.2988308808707922 0.41557330290929834 0.2945978633340052 0.41642897889332575 0.2907679903245313 0.4189960068454079 0.2862326143922596 0.42541357672561325 0.2840153194920379 0.43282943525385054 0.28522475307397704 0.4396748431260696 0.28814755089699656 0.44438106103822017 0.2915742793791574 0.44694808899030236 0.2946986494658335 0.44737592698231604 0.2990324531344487 0.44438106103822017 0.3023583954847813 0.4376782658300057
0 0.2786736545051401 0.5231032515687393 0.28976012900624876 0.519965772960639 0.2908687764563596 0.5186822589845979 0.29127192098367266 0.5161152310325157 0.28885305381979437 0.5104107244723332 0.2865349727877444 0.5079863091842556 0.282503527514614 0.5079863091842556 0.27827050997782704 0.5102681118083285 0.27464220923200966 0.5074158585282373 0.27081233622253575 0.5074158585282373 0.2699052610360814 0.5166856816885339 0.26647853255392057 0.5221049629207074 0.2673856077403749 0.5250998288648032 0.27091312235436404 0.5255276668568168 0.2740374924410401 0.5233884768967484 0.2786736545051401 0.5231032515687393
0 0.27373513404555533 0.5771534512264689 0.27292884499092923 0.5720193953223046 0.27111469461802057 0.5688819167142042 0.26889739971779886 0.5583285795778665 0.2669824632130619 0.555904164289789 0.2629510179399315 0.5561893896177981 0.2602297923805684 0.5591842555618939 0.2588187865349728 0.5628921848260126 0.25740778068937714 0.5708784940102681 0.2578109252166902 0.5748716486023959 0.25841564200765976 0.5771534512264689 0.26093529530336623 0.5795778665145465 0.26728482160854666 0.5805761551625784 0.27040919169522276 0.5801483171705647 0.27373513404555533 0.5771534512264689
0 0.3252368474097964 0.5288077581289219 0.3295706510784116 0.521534512264689 0.3311832291876638 0.5164004563605248 0.33078008466035075 0.5112664004563605 0.3260431364644225 0.5037079292641187 0.32241483571860513 0.5017113519680547 0.3175771013908486 0.5019965772960638 0.3155613787542834 0.5031374786081004 0.31284015319492037 0.5064175698802054 0.30961499697641603 0.5141186537364518 0.30598669623059865 0.518967484312607 0.3053819794396291 0.5226754135767256 0.3063898407579117 0.5278094694808899 0.3095142108445878 0.5319452367370222 0.31425115904051604 0.5335139760410724 0.3173755291271921 0.5330861380490588 0.3252368474097964 0.5288077581289219
0 0.3417657730296311 0.4278379920136908 0.34428542632533765 0.42256132344552194 0.34428542632533765 0.41742726754135767 0.3430759927433985 0.41086708499714775 0.34126184237048984 0.4057330290929835 0.33753275549284417 0.4015972618368511 0.3332997379560573 0.401312036508842 0.3310824430558355 0.4024529378208785 0.32765571457367465 0.4050199657729606 0.3251360612779681 0.4102966343411295 0.3243297722233421 0.4222760981175128 0.32533763354162465 0.4305476326297775 0.3272525700463616 0.4332572732458642 0.3313848014513203 0.43397033656588707 0.33531546059262246 0.4329720479178551 0.3417657730296311 0.4278379920136908
0 0.30447490425317475 0.6440387906446092 0.3085063495263052 0.6397604107244723 0.3130417254585769 0.6327723901882487 0.3162668816770812 0.6213633770678836 0.30991735537190085 0.6126640045636053 0.3056843378351139 0.6115231032515688 0.30366861519854865 0.6129492298916144 0.29550493852045956 0.6273531089560753 0.29046563192904656 0.6433257273245864 0.2906672041927031 0.6464632059326868 0.29177585164281394 0.6483171705647461 0.29510179399314657 0.6487450085567599 0.2990324531344487 0.6477467199087279 0.30447490425317475 0.6440387906446092
0 0.34730901028018546 0.5996862521391899 0.347510582543842 0.5936965202509983 0.34478935698447893 0.5881346263548203 0.34095948397500503 0.5869937250427838 0.33370288248337027 0.5901312036508842 0.3313848014513203 0.5936965202509983 0.3297722233420681 0.5988305761551626 0.32916750655109855 0.6059612093553908 0.32997379560572465 0.6105248146035368 0.3332997379560573 0.6152310325156874 0.33743196936101594 0.615373645179692 0.3438822817980246 0.6085282373074729 0.34730901028018546 0.5996862521391899
0 0.32695021165087684 0.7214774671990872 0.3259423503325942 0.7114945807187678 0.32402741382785727 0.7079292641186538 0.3220116911912921 0.7067883628066173 0.3139488006450312 0.7122076440387907 0.31203386414029427 0.7157729606389047 0.31203386414029427 0.7214774671990872 0.3140495867768595 0.7263262977752425 0.31677081233622256 0.7287507130633201 0.31848417657730294 0.7288933257273246 0.32543841967345294 0.7250427837992014 0.32695021165087684 0.7214774671990872
0 0.39397298931667 0.7099258414147176 0.3960894980850635 0.7066457501426127 0.39770207619431563 0.7003707929264119 0.3981052207216287 0.6932401597261837 0.3970973594033461 0.6878208784940103 0.39629107034872 0.6855390758699372 0.3923604112074179 0.6808328579577867 0.38832896593428745 0.6805476326297776 0.3857085265067527 0.683970336565887 0.37986293086071354 0.6879634911580148 0.376940133037694 0.6938106103822019 0.376536988510381 0.7049343981745579 0.37835113888328964 0.7103536794067313 0.38066921991533964 0.7142042213348545 0.3856077403749244 0.7154877353108956 0.3893368272525701 0.7144894466628636 0.39397298931667 0.7099258414147176
0 0.415642007659746 0.7867940673131774 0.41685144124168516 0.7816600114090131 0.4170530135053417 0.7762407301768397 0.41302156823221126 0.7662578436965203 0.4119129207821004 0.7646891043924701 0.40788147550896997 0.7632629777524245 0.403648457972183 0.7655447803764974 0.3998185849627091 0.7658300057045065 0.39870993751259826 0.7673987450085568 0.39588792582140697 0.7750998288648032 0.3946784922394678 0.7828009127210497 0.39729893166700264 0.7876497432972048 0.3996170126990526 0.7946377638334284 0.4085869784317678 0.7947803764974329 0.4113082039911308 0.7932116371933827 0.415642007659746 0.7867940673131774
0 0.4261237653698851 0.7425841414717627 0.42420882886514816 0.7384483742156304 0.417960088691796 0.7327438676554479 0.4119129207821004 0.7321734169994295 0.4072767587180004 0.7361665715915573 0.4037492441040113 0.7417284654877353 0.401330376940133 0.7491443240159726 0.40173352146744606 0.754563605248146 0.40465631929046564 0.7589845978322876 0.40788147550896997 0.7595550484883058 0.4119129207821004 0.7569880205362236 0.4157427937915743 0.7572732458642327 0.4200765974601895 0.7636908157444381 0.4237048982060069 0.7602681118083285 0.4261237653698851 0.7425841414717627
0 0.43317879459786335 0.6829720479178552 0.4335819391251764 0.6647176269252709 0.4325740778068938 0.6607244723331431 0.427635557347309 0.6548773531089561 0.4236041120741786 0.6528807758128922 0.4197742390647047 0.6534512264689104 0.41755694416448297 0.6548773531089561 0.41423100181415035 0.660439247005134 0.41423100181415035 0.6667142042213349 0.41664986897802864 0.6769823160296634 0.41664986897802864 0.6835424985738734 0.41806087482362425 0.6878208784940103 0.422999395283209 0.6933827723901882 0.42773634347913725 0.6952367370222475 0.4305583551703286 0.6935253850541928 0.43317879459786335 0.6829720479178552
0 0.47127595242894577 0.7220479178551056 0.47288853053819796 0.716343411294923 0.4722838137472284 0.7100684540787222 0.4702680911106632 0.7032230462065031 0.46855472686958277 0.7007986309184255 0.46291070348720015 0.6979463776383343 0.4588792582140697 0.6982316029663435 0.4574682523684741 0.6993725042783799 0.45192501511791977 0.7055048488305762 0.4499092924813546 0.7103536794067313 0.45091715379963715 0.7240444951511694 0.4534368070953437 0.7273245864232744 0.4564603910501915 0.7293211637193383 0.4597863334005241 0.7297490017113519 0.46855472686958277 0.7258984597832288 0.47127595242894577 0.7220479178551056
0 0.5236847409796412 0.7562749572162007 0.5240878855069543 0.7488590986879635 0.5208627292884499 0.7371648602395893 0.5177383592017738 0.7347404449515117 0.5149163475105826 0.7367370222475755 0.5083652489417456 0.7451511694238449 0.5067526708324934 0.7491443240159726 0.506551098568837 0.7551340559041643 0.5075589598871195 0.7602681118083285 0.510078613182826 0.7652595550484883 0.5137069139286434 0.7681118083285796 0.5178391453336021 0.7685396463205932 0.5202580124974804 0.765687393040502 0.5236847409796412 0.7562749572162007
0 0.5765974601894779 0.8074729035938392 0.580124974803467 0.8010553337136338 0.5821406974400323 0.7939247005134056 0.5823422697036887 0.787934968625214 0.5811328361217496 0.7839418140330862 0.5784116105623867 0.7806617227609812 0.572767587180004 0.7772390188248717 0.5689377141705302 0.7778094694808899 0.5636968353154606 0.7829435253850542 0.5613787542834106 0.7865088419851682 0.5567425922193107 0.7984883057615516 0.5575488812739368 0.8044780376497433 0.5608748236242693 0.8086138049058756 0.5692400725660149 0.810467769537935 0.572767587180004 0.8100399315459212 0.5765974601894779 0.8074729035938392
0 0.6021971376738561 0.771534512264689 0.6053215077605322 0.7654021677124929 0.6057246522878452 0.7596976611523103 0.6047167909695625 0.7554192812321734 0.6022979238056844 0.7494295493439818 0.5999798427736344 0.7461494580718768 0.5961499697641605 0.746434683399886 0.5902035879862931 0.7525670279520822 0.5839548478129409 0.7711066742726754 0.5839548478129409 0.7759555048488306 0.5846603507357387 0.7778094694808899 0.5882886514815562 0.7800912721049629 0.5926224551501713 0.7802338847689675 0.5959483975005039 0.778094694808899 0.6021971376738561 0.771534512264689
0 0.6065309413424713 0.7160581859669138 0.6069340858697844 0.7126354820308043 0.6051199354968756 0.7015116942384484 0.6040112880467647 0.6993725042783799 0.6009877040919169 0.6982316029663435 0.597157831082443 0.6990872789503708 0.5960491836323322 0.7003707929264119 0.5942350332594235 0.7055048488305762 0.5938318887321105 0.7100684540787222 0.5960491836323322 0.7246149458071877 0.6000806289054627 0.7246149458071877 0.6043136464422495 0.720907016543069 0.6065309413424713 0.7160581859669138
0 0.6452328159645233 0.7268967484312607 0.6438218101189276 0.7197661152310325 0.6403950816367667 0.7112093553907587 0.6356581334408385 0.7056474614945807 0.6316266881677082 0.7030804335424986 0.6275952428945777 0.7033656588705077 0.6255795202580124 0.7047917855105533 0.623463011489619 0.709498003422704 0.6236645837532756 0.7154877353108956 0.6248740173352146 0.7183399885909869 0.6316266881677082 0.7273245864232744 0.6390848619229994 0.7316029663434113 0.6434186655916146 0.732030804335425 0.6446280991735537 0.7306046776953794 0.6452328159645233 0.7268967484312607
0 0.6595444466841363 0.637906446092413 0.6577302963112276 0.6330576155162578 0.6579318685748841 0.626497432972048 0.6545051400927232 0.6156588705077011 0.6513807700060472 0.6123787792355961 0.6469461802056037 0.6126640045636053 0.6413021568232211 0.6155162578436966 0.6391856480548277 0.6187963491158015 0.6369683531546059 0.626497432972048 0.6369683531546059 0.6324871648602396 0.6389840757911711 0.6387621220764403 0.6431163071961298 0.6440387906446092 0.6469461802056037 0.6460353679406732 0.6512799838742189 0.6458927552766686 0.6574279379157428 0.6431831146605819 0.6595444466841363 0.637906446092413
0 0.7280790163273534 0.6752709640616087 0.7292884499092925 0.666999429549344 0.7286837331183229 0.6607244723331431 0.722938923604112 0.6548773531089561 0.7156823221124773 0.654592127780947 0.7137673856077403 0.6564460924130062 0.7129610965531142 0.6607244723331431 0.7129610965531142 0.6741300627495722 0.7145736746623664 0.6789788933257274 0.7168917556944164 0.6822589845978323 0.7220318484176578 0.6832572732458643 0.7253577907679903 0.6808328579577867 0.7280790163273534 0.6752709640616087
0 0.7371497681918968 0.6407586993725043 0.7381576295101794 0.6350541928123218 0.7375529127192099 0.6270678836280662 0.7361419068736141 0.6236451796919567 0.7305986696230599 0.6160867084997148 0.7215279177585164 0.6095265259555048 0.7175972586172142 0.6148031945236737 0.7159846805079622 0.6216486023958927 0.7226365652086273 0.6410439247005134 0.7251562185043338 0.6440387906446092 0.7302963112275751 0.6450370792926412 0.7352348316871599 0.6440387906446092 0.7371497681918968 0.6407586993725043
0 0.5177383592017738 0.6825442099258414 0.5200564402338238 0.6775527666856817 0.5208627292884499 0.6721334854535083 0.5204595847611369 0.6655733029092984 0.5180407175972587 0.6587278950370793 0.5157226365652087 0.6548773531089561 0.510078613182826 0.6505989731888192 0.5076597460189478 0.6514546491728466 0.5033259423503326 0.6567313177410155 0.5025196532957065 0.6658585282373075 0.4964724853860109 0.67156303479749 0.5001007861318283 0.6846833998859099 0.5020157226365652 0.6871078151739874 0.507357387623463 0.6869652025099829 0.5135053416649868 0.6862521391899601 0.5177383592017738 0.6825442099258414
0 0.49365047369481957 0.6601540216771249 0.49667405764966743 0.6547347404449515 0.4974803467042935 0.6493154592127781 0.494960693408587 0.6468910439247005 0.4893166700262044 0.6380490587564176 0.48528522475307395 0.6360524814603536 0.48246321306188267 0.6371933827723902 0.4813545656117718 0.640188248716486 0.4801451320298327 0.655875641756988 0.48326950211650876 0.6637193382772391 0.4869985889941544 0.6652880775812893 0.4905261036081435 0.6634341129492299 0.49365047369481957 0.6601540216771249
0 0.5615803265470671 0.6159440958357102 0.5599677484378149 0.6099543639475186 0.5530135053416649 0.5995436394751854 0.548377343277565 0.5989731888191672 0.5449506147954042 0.6001140901312036 0.5436403950816368 0.601968054763263 0.5432372505543237 0.6059612093553908 0.5438419673452933 0.6219338277239019 0.5450514009272324 0.6270678836280662 0.5569441644829671 0.6324871648602396 0.5615803265470671 0.6216486023958927 0.5615803265470671 0.6159440958357102
0 0.6196331384801451 0.5985453508271534 0.6222535779076799 0.5891329150028523 0.6222535779076799 0.5814318311466058 0.6198347107438017 0.5717341699942955 0.6148961902842169 0.5638904734740445 0.6112678895383995 0.5624643468339988 0.6078411610562386 0.5636052481460354 0.6008869179600886 0.5711637193382773 0.599475912114493 0.5771534512264689 0.599475912114493 0.5828579577866515 0.6010884902237452 0.5891329150028523 0.6059262245515017 0.5994010268111808 0.6084458778472083 0.6021106674272675 0.6125781092521669 0.6031089560752995 0.6155009070751865 0.6026811180832858 0.6196331384801451 0.5985453508271534
0 0.6274944567627494 0.5497718197375927 0.627696029026406 0.543496862521392 0.6262850231808104 0.5386480319452367 0.6235637976214473 0.5356531660011409 0.6199354968756299 0.5347974900171135 0.6159040516024995 0.5353679406731318 0.6115702479338843 0.539218482601255 0.6095545252973191 0.5437820878494011 0.6091513807700061 0.5494865944095836 0.6115702479338843 0.5557615516257843 0.6148961902842169 0.5598973188819167 0.6198347107438017 0.5606103822019395 0.6262850231808104 0.5531945236737023 0.6274944567627494 0.5497718197375927
0 0.6157024793388429 0.5182544209925841 0.6170126990526104 0.5164004563605248 0.6182221326345495 0.5115516257843696 0.6182221326345495 0.5044209925841415 0.6157024793388429 0.49743297204791787 0.6128804676476517 0.49657729606389045 0.6076395887925822 0.49743297204791787 0.6032049989921386 0.5002852253280091 0.6002822011691191 0.5044209925841415 0.59907276758718 0.5098402738163149 0.5988711953235235 0.5181118083285796 0.6007861318282605 0.5208214489446663 0.6059262245515017 0.521534512264689 0.6120741785930256 0.5202509982886481 0.6157024793388429 0.5182544209925841
0 0.6688167708123363 0.4713348545350827 0.6704293489215883 0.4664860239589276 0.6706309211852449 0.4596406160867085 0.6692199153396493 0.456217912150599 0.6671034065712558 0.45436394751853965 0.6592420882886515 0.45236737022247575 0.6550090707518645 0.44894466628636626 0.6511791977423906 0.4486594409583571 0.6446280991735537 0.45536223616657157 0.6444265269098972 0.460781517398745 0.6550090707518645 0.4760410724472333 0.6601491634751058 0.4773245864232744 0.6642813948800645 0.47632629777524244 0.6688167708123363 0.4713348545350827
0 0.6659947591211449 0.3903308613804906 0.6655916145938319 0.3832002281802624 0.6631727474299537 0.3749286936679977 0.6592420882886515 0.372219053051911 0.6509776254787342 0.37278950370792924 0.6485587583148559 0.3739304050199658 0.647450110864745 0.3780661722760981 0.6508768393469059 0.3883342840844267 0.654404353960895 0.3930405019965773 0.6590405160249949 0.3964632059326868 0.6629711751662971 0.39632059326868224 0.6653900423301754 0.3937535653166001 0.6659947591211449 0.3903308613804906
0 0.6438218101189276 0.34982886480319453 0.6434186655916146 0.34612093553907586 0.6407982261640798 0.34212778094694807 0.6399919371094538 0.3392755276668568 0.6412013706913928 0.3275812892184826 0.6407982261640798 0.32415858528237307 0.6396895787139689 0.3217341699942955 0.6382785728683733 0.3214489446662864 0.6314251159040516 0.32230462065031373 0.6284015319492038 0.32515687393040504 0.6262850231808104 0.3290074158585282 0.623463011489619 0.33756417569880204 0.6236645837532756 0.3409868796349116 0.6251763757306995 0.3442669709070165 0.6332392662769603 0.34940102681118085 0.6366659947591211 0.35310895607529946 0.6393872203184842 0.35410724472333144 0.6427131626688167 0.351968054763263 0.6438218101189276 0.34982886480319453
0 0.5842572062084257 0.27609811751283514 0.5871800040314453 0.2708214489446663 0.5883894376133844 0.2659726183685111 0.5895988711953235 0.252281802624073 0.5895988711953235 0.2488590986879635 0.5882886514815562 0.24557900741585853 0.5806289054626084 0.24557900741585853 0.5717597258617214 0.2509982886480319 0.569643217093328 0.25484883057615515 0.5716589397298931 0.2636908157444381 0.5716589397298931 0.2668282943525385 0.570046361620641 0.2722475755847119 0.5725660149163475 0.2766685681688534 0.5781092521669018 0.2785225328009127 0.5812336222535779 0.27809469480889903 0.5842572062084257 0.27609811751283514
0 0.5337633541624672 0.2605533371363377 0.5250957468252369 0.2457216200798631 0.5224753073977021 0.23859098687963493 0.5215682322112477 0.23730747290359383 0.5195525095746826 0.2378779235596121 0.5176375730699456 0.24115801483171706 0.5156218504333804 0.24971477467199088 0.5154202781697238 0.25570450656018257 0.5176375730699456 0.26540216771249286 0.5215682322112477 0.27010838562464345 0.5303366256803064 0.270250998288648 0.5331586373714977 0.267969195664575 0.5337633541624672 0.2605533371363377
0 0.4941544043539609 0.3545350827153451 0.49606934085869786 0.3495436394751854 0.49667405764966743 0.33841985168282945 0.4954646240677283 0.33328579577866513 0.49213868171739567 0.32743867655447806 0.4864946583350131 0.32515687393040504 0.4784317677887523 0.32515687393040504 0.47691997581132833 0.3275812892184826 0.47712154807498486 0.34184255561893895 0.47954041523886315 0.348687963491158 0.4803467042934892 0.3552481460353679 0.4820600685345696 0.35710211066742725 0.48337028824833705 0.3569594980034227 0.4911308203991131 0.3559612093553908 0.4941544043539609 0.3545350827153451
0 0.4468857085265068 0.310467769537935 0.4482967143721024 0.3041928123217342 0.4476919975811328 0.29991443240159726 0.44658335013102196 0.29834569309754705 0.44335819391251763 0.29634911580148315 0.4371094537391655 0.29606389047347403 0.4314654303567829 0.2977752424415288 0.42854263253376335 0.29991443240159726 0.4269300544245112 0.30533371363377065 0.42773634347913725 0.31332002281802623 0.4306591413021568 0.31717056474614946 0.43600080628905463 0.31759840273816314 0.4431566216488611 0.31460353679406733 0.4468857085265068 0.310467769537935
0 0.5900020157226366 0.38690815744438106 0.5912114493045757 0.3834854535082715 0.5916145938318887 0.3757843696520251 0.5898004434589801 0.36580148317170563 0.5871800040314453 0.36038220193953224 0.5838540616811126 0.35681688533941813 0.5813344083854062 0.3592413006274957 0.579721830276154 0.3655162578436965 0.5764966740576497 0.37036508841985166 0.5762951017939931 0.3749286936679977 0.5781092521669018 0.38861950941243584 0.5804273331989518 0.39189960068454077 0.5851642813948801 0.3917569880205362 0.5880870792178996 0.3899030233884769 0.5900020157226366 0.38690815744438106
0 0.5869784317677887 0.47789503707929265 0.5831485587583148 0.4619224187107815 0.579721830276154 0.4525099828864803 0.5767990324531345 0.4495151169423845 0.5721628703890345 0.45037079292641186 0.569643217093328 0.4542213348545351 0.5684337835113888 0.45935539075869936 0.5684337835113888 0.4664860239589276 0.5698447893569845 0.47190530519110097 0.5763958879258214 0.4811751283513976 0.5800241886716387 0.4840273816314889 0.5851642813948801 0.48531089560752994 0.5875831485587583 0.48331431831146604 0.5869784317677887 0.47789503707929265
0 0.5589598871195324 0.5175413576725614 0.5579520258012497 0.5126925270964061 0.5530135053416649 0.5057045065601825 0.5485789155412215 0.5068454078722191 0.5446482563999193 0.5112664004563605 0.5432372505543237 0.5158300057045065 0.5442451118726064 0.5221049629207074 0.5466639790364846 0.5272390188248717 0.5489820600685346 0.5305191100969766 0.5521064301552107 0.530376497432972 0.5571457367466237 0.5272390188248717 0.5589598871195324 0.5175413576725614
0 0.5192501511791977 0.5300912721049629 0.5196532957065108 0.5260981175128352 0.5188470066518847 0.5164004563605248 0.5234831687159847 0.5129777524244152 0.5238863132432977 0.5058471192241871 0.5226768796613586 0.5015687393040502 0.5209635154202782 0.49914432401597264 0.5179399314654304 0.4980034227039361 0.509675468655513 0.497718197375927 0.506551098568837 0.5001426126640046 0.5061479540415239 0.505561893896178 0.5067526708324934 0.5104107244723332 0.511187260632937 0.5272390188248717 0.5134045555331587 0.5320878494010268 0.5146139891150978 0.5326583000570451 0.5177383592017738 0.5325156873930404 0.5192501511791977 0.5300912721049629
0 0.5021165087683934 0.5631774101540217 0.5037290868776456 0.559469480889903 0.5045353759322717 0.5546206503137479 0.5030235839548478 0.549343981745579 0.4993952832090304 0.5476326297775242 0.49677484378149567 0.5436394751853965 0.4931465430356783 0.5413576725613235 0.4905261036081435 0.5422133485453509 0.48840959483975005 0.5457786651454649 0.4872001612578109 0.5494865944095836 0.4857891554122153 0.5608956075299487 0.48639387220318486 0.564033086138049 0.48790566418060877 0.5661722760981175 0.49213868171739567 0.5687393040501997 0.49506147954041524 0.5691671420422133 0.49758113283612176 0.5681688533941814 0.5021165087683934 0.5631774101540217
0 0.46321306188268496 0.5104107244723332 0.46422092320096753 0.4992869366799772 0.46321306188268496 0.4927267541357673 0.46008869179600886 0.48802053622361663 0.4580729691594437 0.48716486023958927 0.4552509574682524 0.48916143753565317 0.45273130417254587 0.49472333143183117 0.45091715379963715 0.500998288648032 0.4505140092723241 0.5075584711922418 0.45091715379963715 0.5121220764403879 0.45222737351340453 0.5142612664004563 0.4544446684136263 0.515687393040502 0.45918161660955453 0.5155447803764974 0.4610965531142915 0.5142612664004563 0.46321306188268496 0.5104107244723332
0 0.4584761136867567 0.4620650313747861 0.46079419471880667 0.4545065601825442 0.4603910501914937 0.44965772960638906 0.4553517436000806 0.4408157444381061 0.45101793993146544 0.43981745579007414 0.4434589800443459 0.4542213348545351 0.4432574077806894 0.460781517398745 0.44738963918564806 0.46491728465487736 0.4521265873815763 0.46534512264689104 0.4552509574682524 0.46463205932686824 0.4584761136867567 0.4620650313747861
0 0.47278774440636967 0.41642897889332575 0.47490425317476315 0.4140045636052481 0.4755089699657327 0.41086708499714775 0.4707720217698045 0.39960068454078723 0.46653900423301753 0.3961779806046777 0.4625075589598871 0.3961779806046777 0.4564603910501915 0.3993154592127781 0.4549485990727676 0.40116942384483745 0.45353759322717196 0.4051625784369652 0.4549485990727676 0.41628636622932114 0.4564603910501915 0.419281232173417 0.45938318887321106 0.4202795208214489 0.46291070348720015 0.4184255561893896 0.47278774440636967 0.41642897889332575
0 0.5412215279177586 0.44338277239018825 0.5416246724450715 0.4385339418140331 0.5408183833904455 0.42741015402167715 0.5385003023583955 0.4252709640616087 0.529832695021165 0.42413006274957216 0.5247933884297521 0.4244152880775813 0.5209635154202782 0.4269823160296634 0.5178391453336021 0.4319737592698232 0.5162265672243499 0.4376782658300057 0.5172344285426326 0.4448088990302339 0.5217698044749043 0.4495151169423845 0.5262043942753477 0.4498003422703936 0.5296311227575086 0.4486594409583571 0.5334609957669825 0.4537934968625214 0.5373916549082847 0.4547917855105533 0.5398105220721628 0.44937250427837994 0.5412215279177586 0.44338277239018825
0 0.4157427937915743 0.37706788362806615 0.41886716387825035 0.37207644038790644 0.4190687361419069 0.36608670849971475 0.4178593025599677 0.36066742726754136 0.41533964926426126 0.3553907586993725 0.40788147550896997 0.35168282943525386 0.3996170126990526 0.35510553337136336 0.39770207619431563 0.35752994865944093 0.3954847812940939 0.3649458071876783 0.3954847812940939 0.3715059897318882 0.39629107034872 0.3746434683399886 0.398206006853457 0.3773531089560753 0.4085869784317678 0.3809184255561894 0.4119129207821004 0.3802053622361666 0.4157427937915743 0.37706788362806615
0 0.381979439629107 0.5018539646320593 0.38601088490223745 0.4887335995436395 0.386615601693207 0.4830290929834569 0.384297520661157 0.47946377638334287 0.3724047571054223 0.47518539646320596 0.3685748840959484 0.47746719908727897 0.367264664382181 0.481032515687393 0.3684740979641201 0.4907301768397034 0.37048982060068536 0.4941528807758129 0.367264664382181 0.4995721620079863 0.36645837532755493 0.5052766685681689 0.3685748840959484 0.5077010838562465 0.3731102600282201 0.5084141471762692 0.379661358597057 0.5048488305761551 0.381979439629107 0.5018539646320593
0 0.42068131425115907 0.48588134626354823 0.4220923200967547 0.47875071306332 0.42168917556944163 0.4744723331431831 0.4184640193509373 0.46962350256702795 0.41513807700060473 0.4620650313747861 0.4113082039911308 0.46092413006274957 0.40405160249949607 0.4634911580148317 0.40153194920378954 0.4664860239589276 0.3989115097762548 0.47190530519110097 0.3981052207216287 0.4767541357672561 0.39870993751259826 0.4827438676554478 0.40092723241282 0.48759269823160295 0.40405160249949607 0.49087278950370794 0.4132231404958678 0.49187107815173986 0.4159443660552308 0.4914432401597262 0.42068131425115907 0.48588134626354823
0 0.4190687361419069 0.5591842555618939 0.420278169723846 0.5540501996577296 0.420278169723846 0.5429264118653736 0.4161459383188873 0.5382201939532231 0.4113082039911308 0.5382201939532231 0.4080830477726265 0.5407872219053051 0.4057649667405765 0.5443525385054193 0.4043539608949808 0.5492013690815745 0.4049586776859504 0.5551911009697661 0.4077806893771417 0.5611808328579578 0.41070348720016125 0.5633200228180263 0.41302156823221126 0.5634626354820308 0.41755694416448297 0.5618938961779806 0.4190687361419069 0.5591842555618939
0 0.3969965732715178 0.6058185966913862 0.40032251562185045 0.6005419281232174 0.4001209433581939 0.5939817455790074 0.39598871195323526 0.5889903023388476 0.38832896593428745 0.5869937250427838 0.383894376133844 0.5889903023388476 0.38097157831082445 0.5939817455790074 0.37996371699254183 0.5982601254991443 0.3803668615198549 0.6073873359954364 0.383894376133844 0.6106674272675413 0.38903446885708526 0.6105248146035368 0.3925619834710744 0.6092413006274957 0.3969965732715178 0.6058185966913862
0 0.44537391654908287 0.5955504848830576 0.44668413626285025 0.5936965202509983 0.4474904253174763 0.5877067883628067 0.4462809917355372 0.577438676554478 0.4452731304172546 0.5748716486023959 0.4429550493852046 0.5721620079863092 0.4393267486393872 0.5715915573302909 0.43539608949808506 0.5754420992584142 0.4333803668615199 0.5825727324586423 0.43317879459786335 0.588562464346834 0.434992944970772 0.5951226468910439 0.437311026002822 0.5975470621791215 0.439629107034872 0.5982601254991443 0.44275347712154806 0.5975470621791215 0.44537391654908287 0.5955504848830576