0 0.2721225559363032 0.4604962920707359 0.27313041725458576 0.45564746149458074 0.27313041725458576 0.4439532230462065 0.2707115500907075 0.43739304050199657 0.268191896795001 0.4338277239018825 0.2625478734126184 0.43211637193382774 0.25912114493045757 0.43411294922989163 0.25519048578915543 0.4388191671420422 0.2533763354162467 0.4442384483742156 0.25297319088893366 0.4505134055904164 0.25357790767990324 0.45536223616657157 0.2562991332392663 0.4614945807187678 0.25912114493045757 0.4634911580148317 0.26506752670832495 0.46363377067883627 0.2698044749042532 0.4623502567027952 0.2721225559363032 0.4604962920707359
0 0.3295706510784116 0.40116942384483745 0.3301753678693812 0.3946092413006275 0.32916750655109855 0.38861950941243584 0.3267486393872203 0.3829150028522533 0.32181011892763556 0.37792355961209356 0.3175771013908486 0.3782087849401027 0.3137472283813747 0.38106103822019394 0.30991735537190085 0.3822019395322305 0.30880870792178994 0.3940387906446092 0.3130417254585769 0.4040216771249287 0.3147550896996573 0.40530519110096974 0.32614392259625075 0.4063034797490017 0.32795807296915946 0.4051625784369652 0.3295706510784116 0.40116942384483745
0 0.27615400120943356 0.617655447803765 0.2765571457367466 0.6159440958357102 0.2749445676274945 0.6099543639475186 0.2706107639588793 0.6049629207073588 0.2661761741584358 0.6043924700513406 0.26274944567627495 0.6063890473474044 0.260834509171538 0.6105248146035368 0.2610360814351945 0.6162293211637193 0.26264865954444666 0.6207929264118653 0.26637774642209233 0.6246434683399886 0.2707115500907075 0.624500855675984 0.2740374924410401 0.6220764403879064 0.27615400120943356 0.617655447803765
0 0.2863334005240879 0.6916714204221335 0.29036484579721833 0.6913861950941244 0.2928844990929248 0.6881061038220194 0.29429550493852047 0.6835424985738734 0.29490022172949004 0.6775527666856817 0.29429550493852047 0.6704221334854535 0.29096956258818785 0.6637193382772391 0.28673654505140095 0.6602966343411295 0.282503527514614 0.6600114090131204 0.27857286837331185 0.6644324015972618 0.270509977827051 0.6863947518539646 0.2707115500907075 0.6949515116942384 0.27323120338641405 0.6976611523103251 0.275146139891151 0.6978037649743297 0.2847208224148357 0.6939532230462065 0.2863334005240879 0.6916714204221335
0 0.2787744406369684 0.7405875641756988 0.2830074581737553 0.727467199087279 0.2830074581737553 0.7214774671990872 0.28139488006450314 0.7143468339988591 0.27464220923200966 0.7047917855105533 0.27040919169522276 0.7056474614945807 0.2676879661358597 0.7100684540787222 0.26869582745414233 0.7160581859669138 0.26647853255392057 0.7268967484312607 0.26627696029026404 0.7326012549914432 0.2682926829268293 0.7442954934398175 0.27020761943156624 0.746434683399886 0.2713162668816771 0.7462920707358813 0.27625478734126185 0.7438676554478038 0.2787744406369684 0.7405875641756988
0 0.34630114896190284 0.6484597832287508 0.3467042934892159 0.6427552766685681 0.3458980044345898 0.6390473474044495 0.34478935698447893 0.636908157444381 0.3415642007659746 0.6343411294922989 0.3369280387018746 0.634626354820308 0.33370288248337027 0.6363377067883628 0.3309816569240073 0.6393325727324587 0.32916750655109855 0.6433257273245864 0.32916750655109855 0.6498859098687964 0.3309816569240073 0.6547347404449515 0.3332997379560573 0.6574443810610382 0.33743196936101594 0.6573017683970337 0.3445877847208224 0.6523103251568739 0.34630114896190284 0.6484597832287508
0 0.3543640395081637 0.5822875071306332 0.35537190082644626 0.5771534512264689 0.35537190082644626 0.5708784940102681 0.3543640395081637 0.5663148887621221 0.345192501511792 0.5593268682258985 0.33229187663777465 0.560467769537935 0.3311832291876638 0.5651739874500855 0.3317879459786333 0.5708784940102681 0.3370288248337029 0.5811466058185967 0.3417657730296311 0.5864232743867656 0.34478935698447893 0.587564175698802 0.3491231606530941 0.5874215630347975 0.3530538197943963 0.58499714774672 0.3543640395081637 0.5822875071306332
0 0.39649264261237654 0.7189104392470052 0.3991130820399113 0.7103536794067313 0.3997177988308809 0.7037934968625214 0.3991130820399113 0.6992298916143753 0.3967950010078613 0.695094124358243 0.3923604112074179 0.6908157444381061 0.38832896593428745 0.6902452937820879 0.3834912316065309 0.6930975470621791 0.38097157831082445 0.6963776383342841 0.3775448498286636 0.7046491728465488 0.376536988510381 0.7106389047347405 0.3775448498286636 0.7134911580148318 0.3834912316065309 0.7210496292070736 0.38883289659342873 0.7226183685111238 0.39356984478935697 0.7216200798630918 0.39649264261237654 0.7189104392470052
0 0.4095948397500504 0.619937250427838 0.41080427333198954 0.6167997718197376 0.41080427333198954 0.6062464346833999 0.4092924813545656 0.6035367940673132 0.40767990324531345 0.602966343411295 0.39498085063495264 0.6058185966913862 0.3932674863938722 0.6076725613234455 0.39286434186655916 0.611095265259555 0.3946784922394678 0.6196520250998289 0.3996170126990526 0.6260695949800342 0.40253981052207216 0.6262122076440388 0.40606732513606125 0.6243582430119795 0.4095948397500504 0.619937250427838
0 0.44285426325337635 0.7160581859669138 0.44507155815359806 0.7103536794067313 0.44406369683531544 0.7046491728465488 0.44728885305381977 0.6963776383342841 0.44728885305381977 0.6935253850541928 0.4437613384398307 0.6876782658300057 0.4395283209030437 0.6856816885339418 0.43549687562991335 0.6865373645179692 0.4302559967748438 0.6902452937820879 0.42733319895182426 0.6946662863662293 0.425317476315259 0.7037934968625214 0.42551904857891554 0.7103536794067313 0.4275347712154807 0.7157729606389047 0.43600080628905463 0.7217626925270965 0.43972989316670025 0.7207644038790645 0.44285426325337635 0.7160581859669138
0 0.5103809715783109 0.7234740444951512 0.5140092723241282 0.7194808899030234 0.5148155613787543 0.7166286366229321 0.5144124168514412 0.7126354820308043 0.5130014110058456 0.7106389047347405 0.5117919774239065 0.7046491728465488 0.5099778270509978 0.7009412435824302 0.5048377343277565 0.6985168282943526 0.5020157226365652 0.6945236737022248 0.49818584962709134 0.6948088990302339 0.4941544043539609 0.6982316029663435 0.49365047369481957 0.7049343981745579 0.48790566418060877 0.7073588134626355 0.4867970167304979 0.7103536794067313 0.488006450312437 0.7191956645750143 0.4898206006853457 0.7240444951511694 0.49435597661761743 0.728465487735311 0.4992944970772022 0.730034227039361 0.5086676073372304 0.7273245864232744 0.5103809715783109 0.7234740444951512
0 0.5468655513001411 0.7916428978893326 0.5472686958274542 0.78593839132915 0.5442451118726064 0.7768111808328579 0.5490828462003629 0.767969195664575 0.549889135254989 0.7602681118083285 0.5467647651683128 0.7547062179121506 0.5419270308405564 0.7518539646320593 0.5370892965127998 0.7438676554478038 0.5334609957669825 0.7450085567598402 0.5265067526708325 0.7494295493439818 0.5269098971981455 0.7551340559041643 0.5315460592622455 0.7719623502567028 0.530941342471276 0.7748146035367941 0.5281193307800847 0.7785225328009128 0.5252973190888933 0.7845122646891044 0.5240878855069543 0.7882201939532231 0.5240878855069543 0.7936394751853965 0.5318484176577303 0.8009127210496292 0.534468857085265 0.804905875641757 0.5373916549082847 0.8061893896177981 0.5396089498085064 0.8047632629777525 0.5468655513001411 0.7916428978893326
0 0.5955452529731909 0.7216200798630918 0.5976617617415844 0.7134911580148318 0.6001814150372908 0.7119224187107815 0.6014916347510583 0.7097832287507131 0.6016932070147147 0.7049343981745579 0.5996774843781496 0.6980889903023388 0.5979641201370691 0.6953793496862521 0.5923200967546866 0.6911009697661152 0.5882886514815562 0.6911009697661152 0.5848619229993953 0.6933827723901882 0.5815359806490626 0.6992298916143753 0.5803265470671236 0.7040787221905305 0.5805281193307801 0.7157729606389047 0.5819391251763757 0.7197661152310325 0.5842572062084257 0.7233314318311466 0.5880870792178996 0.7256132344552196 0.5895988711953235 0.725470621791215 0.5921185244910301 0.7250427837992014 0.5955452529731909 0.7216200798630918
0 0.6492642612376537 0.6544495151169424 0.6510784116105623 0.6493154592127781 0.651683128401532 0.6381916714204221 0.6501713364241081 0.6349115801483172 0.6475508969965733 0.6326297775242442 0.6425115904051603 0.6326297775242442 0.6392864341866559 0.6343411294922989 0.6335416246724451 0.6436109526525956 0.6333400524087885 0.6493154592127781 0.6351542027816972 0.6533086138049059 0.6392864341866559 0.65687393040502 0.6434186655916146 0.658157444381061 0.6471477524692603 0.6571591557330291 0.6492642612376537 0.6544495151169424
0 0.7393670630921185 0.637906446092413 0.7411812134650272 0.6327723901882487 0.7419875025196533 0.6273531089560753 0.7412819995968555 0.6226468910439247 0.7273735134045556 0.6226468910439247 0.7249546462406773 0.623502567027952 0.7228381374722838 0.6262122076440388 0.7204192703084056 0.6327723901882487 0.7196129812537795 0.6390473474044495 0.7213263454948599 0.6440387906446092 0.7262648659544446 0.6458927552766686 0.7338238258415642 0.6437535653166001 0.7393670630921185 0.637906446092413
0 0.714775246926023 0.5067027952082145 0.7159846805079622 0.5015687393040502 0.7149768191896795 0.49586423274386765 0.7054021366659947 0.4837421563034798 0.7001612578109252 0.48288648031945236 0.6943156621648862 0.48459783228750714 0.6915944366055231 0.4887335995436395 0.6911912920782101 0.4941528807758129 0.695021165087684 0.49985738733599544 0.6980447490425318 0.5072732458642327 0.7001612578109252 0.5102681118083285 0.70278169723846 0.5119794637763834 0.7071155009070752 0.5121220764403879 0.7110461600483774 0.5108385624643468 0.714775246926023 0.5067027952082145
0 0.6616609554525298 0.5416428978893326 0.6681112678895385 0.5402167712492869 0.6700262043942753 0.5383628066172276 0.6700262043942753 0.5320878494010268 0.6682120540213666 0.5249572162007986 0.662164886111671 0.5135482030804336 0.6590405160249949 0.511123787792356 0.6560169320701471 0.5125499144324016 0.6484579721830276 0.5221049629207074 0.6446280991735537 0.5323730747290359 0.6446280991735537 0.5395037079292642 0.6468453940737755 0.5469195664575014 0.6505744809514211 0.5504848830576156 0.6557145736746623 0.5503422703936109 0.6591413021568232 0.548060467769538 0.6616609554525298 0.5416428978893326
0 0.635053416649869 0.5613234455219623 0.6383793590002016 0.554905875641757 0.6375730699455755 0.5449229891614376 0.6352549889135255 0.5399315459212778 0.6326345494859907 0.5385054192812322 0.6314251159040516 0.5382201939532231 0.627696029026406 0.5417855105533371 0.6174158435799234 0.5603251568739304 0.6178189881072365 0.5628921848260126 0.6189276355573473 0.5641756988020536 0.627696029026406 0.5654592127780947 0.6320298326950211 0.5638904734740445 0.635053416649869 0.5613234455219623
0 0.584761136867567 0.5911294922989161 0.5859705704495062 0.5882772390188249 0.5861721427131626 0.5822875071306332 0.584357992340254 0.5737307472903593 0.5804273331989518 0.5664575014261266 0.5765974601894779 0.5638904734740445 0.572364442652691 0.5636052481460354 0.567325136061278 0.5656018254420992 0.5656117718201975 0.5683114660581859 0.565007055029228 0.5711637193382773 0.5658133440838541 0.5777239018824871 0.5652086272928845 0.5925556189389618 0.5658133440838541 0.5948374215630348 0.5687361419068736 0.5978322875071307 0.5725660149163475 0.5995436394751854 0.5766982463213062 0.5996862521391899 0.5800241886716387 0.5972618368511123 0.584761136867567 0.5911294922989161
0 0.5787139689578714 0.6270678836280662 0.5791171134851845 0.6216486023958927 0.5724652287845192 0.6022532800912721 0.5689377141705302 0.5995436394751854 0.5634952630518041 0.600969766115231 0.5605724652287846 0.6051055333713634 0.560774037492441 0.611095265259555 0.5633944769199758 0.619937250427838 0.5695424309614997 0.6292070735881347 0.5721628703890345 0.6309184255561894 0.5752872404757106 0.6307758128921849 0.5765974601894779 0.6306332002281803 0.5787139689578714 0.6270678836280662
0 0.5343680709534369 0.6330576155162578 0.5345696432170933 0.6270678836280662 0.5335617818988108 0.6219338277239019 0.5311429147349325 0.6165145464917284 0.5294295504938521 0.6149458071876782 0.5253981052207216 0.6152310325156874 0.5223745212658738 0.6175128351397604 0.5176375730699456 0.6227895037079293 0.5156218504333804 0.6273531089560753 0.5148155613787543 0.6330576155162578 0.5162265672243499 0.6436109526525956 0.5175367869381173 0.6446092413006275 0.5218705906067325 0.644466628636623 0.5310421286031042 0.6383342840844267 0.5343680709534369 0.6330576155162578
0 0.4878048780487805 0.6202224757558471 0.48941745615803267 0.6159440958357102 0.4896190284216892 0.6099543639475186 0.4885103809715783 0.607529948659441 0.485688369280387 0.6069594980034227 0.4798427736343479 0.6083856246434683 0.4766176174158436 0.6103822019395322 0.4745011086474501 0.6133770678836281 0.4738963918564805 0.615373645179692 0.4745011086474501 0.6236451796919567 0.4762144728885305 0.6260695949800342 0.4789356984478936 0.6270678836280662 0.4828663575891957 0.6260695949800342 0.4878048780487805 0.6202224757558471
0 0.530538197943963 0.554905875641757 0.531344486998589 0.5432116371933827 0.530941342471276 0.5386480319452367 0.5294295504938521 0.5356531660011409 0.5255996774843782 0.53593839132915 0.5171336424108043 0.5396463205932687 0.5136061277968151 0.5443525385054193 0.5121951219512195 0.5492013690815745 0.5134045555331587 0.554905875641757 0.5161257810925217 0.5581859669138619 0.525902035879863 0.559469480889903 0.5294295504938521 0.558471192241871 0.530538197943963 0.554905875641757
0 0.5210643015521065 0.4992869366799772 0.5194517234428543 0.4952937820878494 0.5148155613787543 0.48844837421563037 0.5140092723241282 0.48559612093553906 0.510078613182826 0.4834569309754706 0.5091715379963717 0.4870222475755847 0.5049385204595848 0.494438106103822 0.5039306591413022 0.49985738733599544 0.5051400927232412 0.5038505419281232 0.5064503124370087 0.5054192812321734 0.5110864745011087 0.5068454078722191 0.5154202781697238 0.5067027952082145 0.5201572263656521 0.5051340559041643 0.5210643015521065 0.4992869366799772
0 0.550695424309615 0.47932116371933825 0.550292279782302 0.4744723331431831 0.5478734126184237 0.4647746719908728 0.5451521870590607 0.4612093553907587 0.5399113082039911 0.46035367940673133 0.5312437008667608 0.46605818596691384 0.5303366256803064 0.4727609811751283 0.531344486998589 0.4773245864232744 0.5382987300947389 0.48260125499144324 0.5423301753678694 0.4885909868796349 0.5462608345091715 0.49044495151169426 0.5488812739367063 0.4887335995436395 0.550695424309615 0.47932116371933825
0 0.565410199556541 0.505561893896178 0.5664180608748236 0.5001426126640046 0.5664180608748236 0.49358243011979464 0.565007055029228 0.48844837421563037 0.562688973997178 0.48488305761551626 0.5604716790969563 0.48288648031945236 0.5566418060874824 0.4817455790074159 0.5541221527917759 0.48388476896748434 0.5490828462003629 0.4941528807758129 0.5568433783511388 0.5085567598402738 0.5609756097560976 0.5095550484883058 0.5634952630518041 0.5085567598402738 0.565410199556541 0.505561893896178
0 0.5406168111267889 0.4468054763262978 0.5422293892360411 0.44281232173417 0.5426325337633542 0.4379634911580148 0.541019955654102 0.43168853394181406 0.5368877242491433 0.42584141471762693 0.5336625680306389 0.4235596120935539 0.5292279782301955 0.42384483742156304 0.5274138278572869 0.4249857387335995 0.5234831687159847 0.42940673131774104 0.522072162870389 0.4333998859098688 0.5210643015521065 0.4419566457501426 0.5214674460794194 0.44965772960638906 0.5234831687159847 0.45507701083856245 0.5253981052207216 0.4569309754706218 0.5265067526708325 0.4567883628066172 0.5350735738762347 0.4535082715345123 0.5406168111267889 0.4468054763262978
0 0.40324531344486997 0.5550484883057616 0.41201370691392863 0.5577581289218483 0.4154404353960895 0.5497718197375927 0.415642007659746 0.543496862521392 0.41423100181415035 0.5383628066172276 0.4109050594638178 0.5328009127210497 0.40788147550896997 0.5299486594409584 0.40385003023583954 0.529092983456931 0.39598871195323526 0.5325156873930404 0.39367063092118526 0.5352253280091273 0.3922596250755896 0.5386480319452367 0.3924611973392461 0.5546206503137479 0.39356984478935697 0.5576155162578437 0.39629107034872 0.5583285795778665 0.3978028623261439 0.5561893896177981 0.40324531344486997 0.5550484883057616
0 0.41685144124168516 0.48217341699942956 0.4192703084055634 0.4773245864232744 0.42068131425115907 0.47190530519110097 0.4212860310421286 0.46563034797490016 0.420278169723846 0.45935539075869936 0.4191695222737351 0.4569309754706218 0.41654908284620035 0.455219623502567 0.4119129207821004 0.4557900741585853 0.4092924813545656 0.4577866514546492 0.4057649667405765 0.4664860239589276 0.4049586776859504 0.47760981175128353 0.40697440032251564 0.48359954363947516 0.4077806893771417 0.48958927552766685 0.4087885506954243 0.48987450085567597 0.4119129207821004 0.48916143753565317 0.41685144124168516 0.48217341699942956
0 0.39125176375730697 0.4333998859098688 0.3944769199758113 0.4228465487735311 0.39427534771215483 0.4197090701654307 0.3925619834710744 0.41642897889332575 0.3887321104616005 0.414717626925271 0.384297520661157 0.41443240159726186 0.3818786534972788 0.41585852823730746 0.3805684337835114 0.4179977181973759 0.37714170530135055 0.42712492869366797 0.37633541624672445 0.4333998859098688 0.3777464220923201 0.4385339418140331 0.38077000604716793 0.440530519110097 0.3871195323523483 0.4389617798060468 0.39125176375730697 0.4333998859098688
0 0.4075791171134852 0.41628636622932114 0.40818383390445473 0.4165715915573303 0.40788147550896997 0.4098687963491158 0.4075791171134852 0.41628636622932114
0 0.48256399919371096 0.4987164860239589 0.48457972183027614 0.49358243011979464 0.4849828663575892 0.48816314888762125 0.48377343277565005 0.4827438676554478 0.4804474904253175 0.47718197375926985 0.4746018947792784 0.47233314318311465 0.4707720217698045 0.47090701654306905 0.4702680911106632 0.4816029663434113 0.4708728079016327 0.5049914432401598 0.47510582543841967 0.5058471192241871 0.47943962910703486 0.5028522532800913 0.48256399919371096 0.4987164860239589
0 0.4673452932876436 0.555904164289789 0.46905865752872405 0.5543354249857387 0.4714775246926023 0.5426411865373645 0.4714775246926023 0.5377923559612093 0.46956258818786534 0.5328009127210497 0.4641201370691393 0.5293782087849401 0.4582745414231002 0.5282373074729035 0.4544446684136263 0.529092983456931 0.45091715379963715 0.5329435253850542 0.4460794194718807 0.5437820878494011 0.44587784720822415 0.5494865944095836 0.45182422898609154 0.5576155162578437 0.4551501713364241 0.5591842555618939 0.4625075589598871 0.5553337136337707 0.4673452932876436 0.555904164289789
0 0.6345494859907277 0.4784654877353109 0.6351542027816972 0.4773245864232744 0.6339447691997581 0.4721905305191101 0.6310219713767385 0.46605818596691384 0.6237653698851038 0.4614945807187678 0.6195323523483168 0.46035367940673133 0.6158032654706712 0.46848260125499147 0.6154001209433582 0.4727609811751283 0.6162064099979843 0.4767541357672561 0.6197339246119734 0.4817455790074159 0.6219512195121951 0.4831717056474615 0.627696029026406 0.48388476896748434 0.6314251159040516 0.48260125499144324 0.6345494859907277 0.4784654877353109
0 0.6786938117315058 0.4827438676554478 0.6805079621044144 0.4761836851112379 0.6799032453134448 0.4721905305191101 0.6781898810723644 0.46833998859098686 0.6751662971175166 0.46691386195094126 0.6697238459987905 0.46662863662293214 0.6630719612981254 0.46862521391899603 0.6605523080024188 0.4713348545350827 0.6595444466841363 0.476468910439247 0.6603507357387624 0.4844552196235026 0.6626688167708124 0.4874500855675984 0.6672041927030841 0.4890188248716486 0.6715379963716993 0.4885909868796349 0.6786938117315058 0.4827438676554478
0 0.7334206813142512 0.4027381631488876 0.7390647046966338 0.399030233884769 0.7426930054424511 0.3981745579007416 0.7444063696835316 0.3954649172846549 0.744607941947188 0.3940387906446092 0.7413827857286838 0.3874786081003993 0.7332191090505946 0.3787792355961209 0.7255593630316468 0.37792355961209356 0.7217294900221729 0.37992013690815746 0.719411408990123 0.3832002281802624 0.7161862527716186 0.3940387906446092 0.7163878250352751 0.3997432972047918 0.7231404958677686 0.4090131203650884 0.7262648659544446 0.41086708499714775 0.7293892360411207 0.40958357102110665 0.7334206813142512 0.4027381631488876
0 0.7899617012699053 0.4000285225328009 0.7891554122152792 0.3946092413006275 0.7893569844789357 0.38861950941243584 0.7917758516428139 0.38234455219623503 0.7919774239064705 0.37664004563605247 0.7907679903245314 0.373217341699943 0.7844184640193509 0.3679406731317741 0.780185446482564 0.3685111237877924 0.7725257004636162 0.372219053051911 0.7696029026405966 0.37664004563605247 0.768595041322314 0.38262977752424415 0.768595041322314 0.3883342840844267 0.7700060471679097 0.3940387906446092 0.7718201975408184 0.3974614945807188 0.7769602902640597 0.4030233884768967 0.7814956661963314 0.4037364517969196 0.7882483370288248 0.40216771249286937 0.7899617012699053 0.4000285225328009
0 0.760028220116912 0.33513976041072446 0.7645635960491837 0.3270108385624643 0.7645635960491837 0.315031374786081 0.7624470872807901 0.31061038220193954 0.7572062084257206 0.304905875641757 0.7547873412618423 0.3051911009697661 0.7536786938117315 0.3067598402738163 0.7490425317476316 0.3213063320022818 0.7486393872203185 0.32815173987450086 0.7470268091110663 0.3338562464346834 0.7481354565611772 0.336280661722761 0.7510582543841967 0.3367084997147747 0.7576093529530337 0.3365658870507701 0.760028220116912 0.33513976041072446
0 0.6510784116105623 0.4402452937820879 0.6530941342471276 0.4385339418140331 0.6522878451925015 0.43511123787792355 0.6433178794597864 0.4249857387335995 0.6392864341866559 0.4232743867655448 0.6320298326950211 0.4235596120935539 0.630417254585769 0.4247005134055904 0.6291070348720016 0.42712492869366797 0.6291070348720016 0.43282943525385054 0.6301148961902843 0.4362521391899601 0.6316266881677082 0.43839132915002854 0.6372707115500907 0.4415288077581289 0.6396895787139689 0.44438106103822017 0.6436202378552711 0.44566457501426127 0.6491634751058254 0.44409583571021105 0.6510784116105623 0.4402452937820879
0 0.6371699254182625 0.38861950941243584 0.6385809312638581 0.3820593268682259 0.6375730699455755 0.377780946948089 0.6330376940133038 0.37164860239589276 0.6312235436403951 0.369937250427838 0.6269905261036082 0.36936679977181974 0.6237653698851038 0.3705077010838562 0.6214472888530538 0.37407301768397033 0.6192299939528321 0.38234455219623503 0.6190284216891756 0.3891899600684541 0.6196331384801451 0.3914717626925271 0.6217496472485387 0.3941814033086138 0.6283007458173755 0.3960353679406731 0.6338439830679299 0.3941814033086138 0.6371699254182625 0.38861950941243584
0 0.6597460189477928 0.3204506560182544 0.6605523080024188 0.31531660011409013 0.6595444466841363 0.30561893896177983 0.6572263656520863 0.3017683970336566 0.6515823422697037 0.3009127210496292 0.6471477524692603 0.3020536223616657 0.6437210239870994 0.304905875641757 0.6407982261640798 0.3110382201939532 0.6401935093731103 0.31959498003422704 0.6409997984277364 0.3275812892184826 0.6437210239870994 0.33314318311466057 0.6472485386010884 0.33442669709070166 0.654001209433582 0.3297204791785511 0.6597460189477928 0.3204506560182544
0 0.5906067325136062 0.2842270393610953 0.5914130215682322 0.27167712492869367 0.5890949405361823 0.2672561323445522 0.5840556339447692 0.2629777524244153 0.582039911308204 0.26411865373645177 0.5764966740576497 0.27281802624073015 0.5742793791574279 0.2825156873930405 0.5740778068937714 0.28907586993725043 0.5756903850030236 0.2942099258414147 0.5784116105623867 0.29806046776953793 0.5806289054626084 0.2997718197375927 0.584357992340254 0.29962920707358814 0.5873815762951018 0.2944951511694238 0.5906067325136062 0.2842270393610953
0 0.6109655311429147 0.30191100969766116 0.6125781092521669 0.2944951511694238 0.6116710340657125 0.29292641186537366 0.6082443055835517 0.291500285225328 0.6026002822011691 0.291500285225328 0.6001814150372908 0.2917855105533371 0.5962507558959887 0.2944951511694238 0.5956460391050191 0.3004848830576155 0.6001814150372908 0.30547632629777527 0.604112074178593 0.30618938961779807 0.6084458778472083 0.30462065031374785 0.6109655311429147 0.30191100969766116
0 0.5729691594436606 0.40416428978893326 0.5786131828260431 0.4027381631488876 0.5807296915944367 0.39917284654877355 0.5815359806490626 0.3937535653166001 0.5805281193307801 0.3880490587564176 0.572767587180004 0.37763833428408444 0.5686353557750453 0.377780946948089 0.5646039105019149 0.39517969195664576 0.560370892965128 0.4051625784369652 0.5616811126788954 0.4090131203650884 0.5652086272928845 0.41086708499714775 0.5691392864341867 0.4098687963491158 0.5729691594436606 0.40416428978893326
0 0.565410199556541 0.3612378779235596 0.5670227776657932 0.3558185966913862 0.5670227776657932 0.34982886480319453 0.5648054827655714 0.34241300627495724 0.5622858294698649 0.338562464346834 0.5610763958879258 0.3377067883628066 0.5568433783511388 0.3379920136908157 0.5462608345091715 0.348687963491158 0.5458576899818585 0.3549629207073588 0.547974198750252 0.35767256132344555 0.5536182221326346 0.35938391329150027 0.558455956460391 0.36508841985168283 0.5609756097560976 0.36665715915573305 0.5638984075791171 0.3642327438676555 0.565410199556541 0.3612378779235596
0 0.5228784519250151 0.3230176839703366 0.5240878855069543 0.31645750142612666 0.5199556541019955 0.3051911009697661 0.5177383592017738 0.3029092983456931 0.5135053416649868 0.30233884768967484 0.5087683934690587 0.30561893896177983 0.5067526708324934 0.310467769537935 0.5055432372505543 0.31645750142612666 0.5098770409191695 0.3237307472903594 0.5139084861922999 0.32686822589845976 0.5180407175972587 0.3275812892184826 0.5213666599475912 0.32544209925841416 0.5228784519250151 0.3230176839703366
0 0.5234831687159847 0.38690815744438106 0.5248941745615803 0.3832002281802624 0.5248941745615803 0.37721049629207076 0.5219713767385608 0.372219053051911 0.5157226365652087 0.3685111237877924 0.5135053416649868 0.36537364517969195 0.510078613182826 0.36337706788362806 0.5060471679096956 0.3628066172276098 0.5043338036686152 0.36637193382772393 0.5059463817778673 0.3760695949800342 0.5109856883692804 0.3851968054763263 0.5132029832695021 0.39432401597261835 0.5144124168514412 0.39489446662863664 0.5177383592017738 0.3933257273245864 0.5234831687159847 0.38690815744438106
0 0.48256399919371096 0.4102966343411295 0.48256399919371096 0.40459212778094694 0.47954041523886315 0.39860239589275526 0.47742390647046967 0.396748431260696 0.4739971779883088 0.396748431260696 0.4701673049788349 0.399030233884769 0.4678492239467849 0.4043069024529378 0.46805079621044143 0.4102966343411295 0.4706712356379762 0.4177124928693668 0.47278774440636967 0.419281232173417 0.47510582543841967 0.41942384483742157 0.47923805684337833 0.41756988020536223 0.48256399919371096 0.4102966343411295