0 0.28945777061076394 0.37721049629207076 0.294497077202177 0.36694238448374217 0.29429550493852047 0.36066742726754136 0.29248135456561175 0.3552481460353679 0.28673654505140095 0.35082715345122645 0.282503527514614 0.35082715345122645 0.27837129610965533 0.3578151739874501 0.2745414231001814 0.37236166571591556 0.2743398508365249 0.3792070735881346 0.2758516428139488 0.3822019395322305 0.2780689377141705 0.38334284084426695 0.2830074581737553 0.3834854535082715 0.2863334005240879 0.38134626354820306 0.28945777061076394 0.37721049629207076
0 0.2725257004636162 0.5494865944095836 0.2772626486595444 0.5453508271534512 0.2781697238459988 0.5423559612093554 0.27756500705502923 0.5383628066172276 0.27464220923200966 0.5339418140330862 0.27020761943156624 0.5308043354249857 0.2659746018947793 0.5299486594409584 0.26274944567627495 0.5316600114090131 0.25891957266680105 0.5367940673131774 0.2548881273936706 0.537934968625214 0.25277161862527714 0.5403593839132915 0.2519653295706511 0.543496862521392 0.2519653295706511 0.5511979463776383 0.25277161862527714 0.5546206503137479 0.2540818383390446 0.555904164289789 0.25891957266680105 0.5564746149458072 0.26274944567627495 0.5596120935539076 0.2668816770812336 0.5603251568739304 0.2707115500907075 0.554905875641757 0.2725257004636162 0.5494865944095836
0 0.3158637371497682 0.4547917855105533 0.3166700262043943 0.44965772960638906 0.30608748236242694 0.43468339988590987 0.3042733319895182 0.434968625213919 0.30215682322112475 0.4368225898459783 0.29953638379359 0.4439532230462065 0.29913323926627694 0.4545065601825442 0.3020560370892965 0.4594980034227039 0.3102197137673856 0.460781517398745 0.3137472283813747 0.4580718767826583 0.3158637371497682 0.4547917855105533
0 0.3334005240878855 0.5939817455790074 0.33360209635154203 0.5879920136908158 0.33158637371497685 0.5842840844266971 0.3309816569240073 0.5765830005704506 0.32563999193710946 0.5710211066742726 0.3236242693005442 0.5715915573302909 0.32160854666397903 0.5764403879064461 0.3173755291271921 0.5715915573302909 0.3139488006450312 0.5707358813462635 0.30961499697641603 0.5822875071306332 0.30961499697641603 0.5891329150028523 0.31142914734932475 0.5965487735310896 0.3175771013908486 0.6041072447233314 0.321205402136666 0.6052481460353679 0.3273533561781899 0.6051055333713634 0.3297722233420681 0.6036794067313177 0.3334005240878855 0.5939817455790074
0 0.31284015319492037 0.5423559612093554 0.31425115904051604 0.5366514546491729 0.3140495867768595 0.528094694808899 0.3124370086676073 0.5238163148887621 0.30991735537190085 0.5208214489446663 0.3020560370892965 0.519965772960639 0.2974198750251965 0.5173987450085568 0.29409393267486394 0.5203936109526526 0.29026405966539004 0.5298060467769538 0.28945777061076394 0.5326583000570451 0.28945777061076394 0.5386480319452367 0.2905664180608748 0.5413576725613235 0.2936907881475509 0.5443525385054193 0.29479943559766175 0.5499144324015972 0.30316468453940737 0.5537649743297205 0.3058859100987704 0.5530519110096976 0.31284015319492037 0.5423559612093554
0 0.2563999193710945 0.6099543639475186 0.2570046361620641 0.6045350827153452 0.2532755492844185 0.5946948088990303 0.2510582543841967 0.5932686822589845 0.24722838137472283 0.5932686822589845 0.24309614996976417 0.5985453508271534 0.24228986091513807 0.6048203080433543 0.24309614996976417 0.6099543639475186 0.2466236645837533 0.6155162578436966 0.2517637573069946 0.6165145464917284 0.2549889135254989 0.6139475185396464 0.2563999193710945 0.6099543639475186
0 0.32160854666397903 0.6882487164860239 0.32412819995968556 0.682686822589846 0.3255392058052812 0.6769823160296634 0.3243297722233421 0.6658585282373075 0.31777867365450513 0.6577296063890473 0.3137472283813747 0.65687393040502 0.31132836121749646 0.6585852823730747 0.30296311227575085 0.6709925841414718 0.29913323926627694 0.6832572732458643 0.2997379560572465 0.6901026811180833 0.30185446482564 0.6922418710781517 0.30296311227575085 0.6920992584141472 0.31596452328159647 0.690530519110097 0.32160854666397903 0.6882487164860239
0 0.2787744406369684 0.7405875641756988 0.2830074581737553 0.7271819737592699 0.28280588591009875 0.7206217912150599 0.2811933078008466 0.7143468339988591 0.2757508566821205 0.70750142612664 0.27464220923200966 0.7047917855105533 0.2706107639588793 0.7056474614945807 0.2676879661358597 0.7103536794067313 0.26889739971779886 0.716343411294923 0.26647853255392057 0.7271819737592699 0.26627696029026404 0.7328864803194524 0.26809111066317276 0.7440102681118084 0.2691997581132836 0.7458642327438677 0.27111469461802057 0.7465772960638904 0.2764563596049184 0.7438676554478038 0.2787744406369684 0.7405875641756988
0 0.3505341664986898 0.666999429549344 0.34952630518040717 0.6607244723331431 0.34499092924813546 0.6548773531089561 0.3423704898206007 0.6540216771249286 0.33753275549284417 0.6548773531089561 0.3340052408788551 0.660439247005134 0.3340052408788551 0.6672846548773531 0.3377343277565007 0.6722760981175129 0.34116105623866155 0.6742726754135767 0.3452932876436202 0.6741300627495722 0.34861922999395284 0.6708499714774672 0.3505341664986898 0.666999429549344
0 0.3632332191090506 0.7268967484312607 0.36383793590002017 0.716343411294923 0.3632332191090506 0.7112093553907587 0.36051199354968755 0.703936109526526 0.3570852650675267 0.7013690815744438 0.35265067526708327 0.7010838562464347 0.34811529933481156 0.7049343981745579 0.34630114896190284 0.7123502567027952 0.34247127595242893 0.7211922418710781 0.34267284821608546 0.7268967484312607 0.3468050796210441 0.7327438676554479 0.35758919572666803 0.7354535082715346 0.3616206409997984 0.7317455790074159 0.3632332191090506 0.7268967484312607
0 0.4501108647450111 0.6550199657729606 0.4501108647450111 0.6493154592127781 0.4482967143721024 0.6438961779806047 0.44869985889941544 0.6327723901882487 0.4431566216488611 0.6257843696520251 0.4391251763757307 0.6252139189960069 0.43690788147550896 0.6269252709640616 0.4329772223342068 0.6330576155162578 0.42854263253376335 0.6436109526525956 0.42854263253376335 0.6467484312606959 0.4289457770610764 0.6501711351968055 0.43307800846603506 0.6574443810610382 0.43549687562991335 0.6597261836851113 0.44003225156218506 0.660439247005134 0.4475912114493046 0.6588705077010839 0.4501108647450111 0.6550199657729606
0 0.4507155815359806 0.7437250427837993 0.45031243700866763 0.7377353108956075 0.446986494658335 0.7313177410154021 0.44335819391251763 0.7290359383913292 0.4391251763757307 0.728465487735311 0.43610159242088287 0.7293211637193383 0.4320701471477525 0.7324586423274386 0.4281394880064503 0.7383057615516257 0.4294497077202177 0.7438676554478038 0.437311026002822 0.7498573873359954 0.44204797419875025 0.7505704506560182 0.4461802056037089 0.7492869366799771 0.4507155815359806 0.7437250427837993
0 0.46442249546462405 0.7936394751853965 0.46301148961902844 0.78593839132915 0.4574682523684741 0.7769537934968626 0.45404152388631325 0.7755276668568168 0.45041322314049587 0.7766685681688534 0.44738963918564806 0.7795208214489446 0.44507155815359806 0.7828009127210497 0.44366055230800244 0.7887906446092413 0.4470872807901633 0.8070450656018254 0.45101793993146544 0.814033086138049 0.4551501713364241 0.815031374786081 0.46321306188268496 0.799343981745579 0.46442249546462405 0.7936394751853965
0 0.5035275146139891 0.7708214489446663 0.5045353759322717 0.7659726183685112 0.5039306591413022 0.7542783799201369 0.501914936504737 0.7480034227039362 0.4983874218907478 0.7441528807758129 0.4858899415440435 0.742156303479749 0.4843781495666196 0.7442954934398175 0.482967143721024 0.7511409013120365 0.4867970167304979 0.7676839703365659 0.4933481152993348 0.7732458642327439 0.4984882080225761 0.774529378208785 0.5020157226365652 0.773531089560753 0.5035275146139891 0.7708214489446663
0 0.38903446885708526 0.5446377638334284 0.38802660753880264 0.5389332572732458 0.38449909292481355 0.5345122646891044 0.38066921991533964 0.5345122646891044 0.3724047571054223 0.5382201939532231 0.3690788147550897 0.5440673131774102 0.3693811731505745 0.5496292070735881 0.3762346301148962 0.5530519110096976 0.38077000604716793 0.5531945236737023 0.3859100987704092 0.5499144324015972 0.38903446885708526 0.5446377638334284
0 0.37935900020157226 0.521534512264689 0.38016528925619836 0.5158300057045065 0.3749244104011288 0.5061323445521962 0.37169925418262445 0.49244152880775816 0.36877645635960493 0.4900171135196805 0.36464422495464627 0.4995721620079863 0.36464422495464627 0.5075584711922418 0.362225357790768 0.512407301768397 0.36182221326345493 0.5164004563605248 0.3667607337230397 0.5242441528807759 0.36877645635960493 0.5256702795208215 0.37331183229187664 0.525812892184826 0.3762346301148962 0.5250998288648032 0.37935900020157226 0.521534512264689
0 0.4231001814150373 0.5052766685681689 0.42350332594235035 0.49386765544780376 0.42168917556944163 0.48616657159155735 0.41836323321910907 0.4823160296634341 0.4119129207821004 0.4800342270393611 0.3996170126990526 0.48288648031945236 0.3983067929852852 0.48844837421563037 0.40173352146744606 0.500998288648032 0.403648457972183 0.5028522532800913 0.4080830477726265 0.5028522532800913 0.41050191493650473 0.5048488305761551 0.41453336020963516 0.5108385624643468 0.4172545857689982 0.5109811751283514 0.42037895585567425 0.5099828864803194 0.4231001814150373 0.5052766685681689
0 0.4452731304172546 0.5047062179121506 0.4460794194718807 0.4987164860239589 0.4424511187260633 0.49358243011979464 0.43993146543035677 0.4874500855675984 0.4314654303567829 0.47832287507130633 0.42924813545656115 0.47889332572732457 0.4279379157427938 0.48188819167142044 0.4269300544245112 0.4927267541357673 0.42713162668816773 0.4990017113519681 0.4281394880064503 0.5027096406160867 0.4298528522475307 0.5062749572162007 0.432674863938722 0.5088419851682829 0.4352953033662568 0.5102681118083285 0.439629107034872 0.510125499144324 0.44426526909897196 0.5067027952082145 0.4452731304172546 0.5047062179121506
0 0.4484982866357589 0.588562464346834 0.4482967143721024 0.5817170564746149 0.44970772021769806 0.572875071306332 0.44950614795404154 0.5688819167142042 0.4485990727675872 0.5661722760981175 0.44517234428542635 0.5644609241300628 0.4387220318484177 0.5638904734740445 0.43469058657528725 0.5664575014261266 0.4305583551703286 0.5723046206503137 0.4289457770610764 0.5768682258984598 0.42854263253376335 0.5834284084426697 0.4297520661157025 0.5874215630347975 0.43549687562991335 0.5946948088990303 0.4393267486393872 0.5972618368511123 0.44386212457165897 0.5976896748431261 0.4460794194718807 0.5962635482030805 0.4484982866357589 0.588562464346834
0 0.4813545656117718 0.5380775812892185 0.478330981656924 0.5278094694808899 0.4746018947792784 0.5236737022247575 0.4707720217698045 0.5236737022247575 0.46805079621044143 0.5275242441528808 0.46724450715581534 0.530376497432972 0.46684136262850234 0.5329435253850542 0.4678492239467849 0.5383628066172276 0.4723845998790566 0.5447803764974329 0.4789356984478936 0.546063890473474 0.4819592824027414 0.5437820878494011 0.4813545656117718 0.5380775812892185
0 0.5257004636162064 0.653593839132915 0.5269098971981455 0.6498859098687964 0.5261036081435194 0.6393325727324587 0.5247933884297521 0.636908157444381 0.5221729490022173 0.6354820308043354 0.5183430759927434 0.6366229321163719 0.5148155613787543 0.640188248716486 0.511187260632937 0.6524529378208785 0.5109856883692804 0.6561608670849971 0.5119935496875629 0.660439247005134 0.5139084861922999 0.6628636622932116 0.5180407175972587 0.6632915002852253 0.521669018343076 0.660439247005134 0.5257004636162064 0.653593839132915
0 0.6176174158435799 0.7194808899030234 0.6190284216891756 0.7103536794067313 0.6190284216891756 0.7037934968625214 0.6176174158435799 0.6943810610382202 0.6162064099979843 0.6903879064460924 0.6140899012295908 0.6873930405019966 0.6108647450110865 0.6856816885339418 0.6078411610562386 0.6865373645179692 0.60370892965128 0.691528807758129 0.6010884902237452 0.6992298916143753 0.6006853456964322 0.7060752994865944 0.6010884902237452 0.7103536794067313 0.60370892965128 0.7169138619509412 0.6076395887925822 0.721905305191101 0.6127796815158234 0.7240444951511694 0.6159040516024995 0.7227609811751283 0.6176174158435799 0.7194808899030234
0 0.6786938117315058 0.7308899030233885 0.6799032453134448 0.727467199087279 0.6792985285224753 0.7231888191671421 0.6725458576899819 0.7159155733029093 0.6618625277161863 0.7159155733029093 0.6599475912114493 0.720907016543069 0.6607538802660754 0.7297490017113519 0.6656924007256602 0.7364517969195664 0.6712356379762144 0.7368796349115802 0.6745615803265471 0.735596120935539 0.6786938117315058 0.7308899030233885
0 0.6873614190687362 0.67156303479749 0.6873614190687362 0.6658585282373075 0.6831284015319492 0.6550199657729606 0.6833299737956057 0.642470051340559 0.6827252570046362 0.6387621220764403 0.6816166095545253 0.6366229321163719 0.6783914533360209 0.6354820308043354 0.6735537190082644 0.6380490587564176 0.6676073372303971 0.6441814033086138 0.6659947591211449 0.6498859098687964 0.6657931868574885 0.655875641756988 0.6682120540213666 0.6661437535653166 0.6707317073170732 0.670564746149458 0.6745615803265471 0.6731317741015402 0.6825236847409797 0.6741300627495722 0.6858496270913123 0.6731317741015402 0.6873614190687362 0.67156303479749
0 0.739568635355775 0.637906446092413 0.7419875025196533 0.6276383342840844 0.7412819995968555 0.6226468910439247 0.7273735134045556 0.6226468910439247 0.7249546462406773 0.623502567027952 0.7228381374722838 0.6262122076440388 0.7204192703084056 0.6330576155162578 0.7196129812537795 0.6393325727324587 0.7215279177585164 0.6443240159726183 0.7258617214271317 0.6461779806046777 0.7336222535779077 0.6440387906446092 0.739568635355775 0.637906446092413
0 0.6831284015319492 0.6159440958357102 0.6831284015319492 0.6096691386195094 0.6817173956863536 0.6039646320593268 0.679197742390647 0.5992584141471763 0.6747631525902036 0.5958357102110667 0.6693207014714775 0.5961209355390759 0.6674057649667405 0.5994010268111808 0.6653900423301754 0.6116657159155733 0.6664986897802863 0.6135196805476326 0.6721427131626688 0.6172276098117513 0.6747631525902036 0.6215059897318882 0.6786938117315058 0.6216486023958927 0.6816166095545253 0.6195094124358242 0.6831284015319492 0.6159440958357102
0 0.6224551501713365 0.6105248146035368 0.6240677282805885 0.6051055333713634 0.6238661560169321 0.5991158014831717 0.6220520056440234 0.5922703936109527 0.6189276355573473 0.5864232743867656 0.6157024793388429 0.5832857957786651 0.6116710340657125 0.5824301197946378 0.6089498085063495 0.5882772390188249 0.6073372303970973 0.6105248146035368 0.6108647450110865 0.6158014831717057 0.614190687361419 0.6162293211637193 0.6197339246119734 0.6135196805476326 0.6224551501713365 0.6105248146035368
0 0.6480548276557145 0.5711637193382773 0.6488611167103406 0.5663148887621221 0.6480548276557145 0.5617512835139761 0.6460391050191494 0.5569024529378209 0.6431163071961298 0.5536223616657159 0.640092723241282 0.5524814603536794 0.6344486998588994 0.5527666856816885 0.6313243297722233 0.5560467769537935 0.6297117516629712 0.5606103822019395 0.6272928844990929 0.5708784940102681 0.6274944567627494 0.5745864232743868 0.6314251159040516 0.583000570450656 0.6353557750453538 0.5845693097547062 0.6419068736141907 0.580718767826583 0.6480548276557145 0.5711637193382773
0 0.5716589397298931 0.6051055333713634 0.5726668010481758 0.5939817455790074 0.5712557952025801 0.5897033656588705 0.5687361419068736 0.5864232743867656 0.5639991937109454 0.5894181403308614 0.5619834710743802 0.5942669709070165 0.560774037492441 0.6008271534512265 0.5613787542834106 0.6116657159155733 0.5628905462608345 0.6140901312036509 0.565007055029228 0.6148031945236737 0.5706510784116106 0.6082430119794637 0.5716589397298931 0.6051055333713634
0 0.5712557952025801 0.5825727324586423 0.5726668010481758 0.5777239018824871 0.5722636565208628 0.5691671420422133 0.5716589397298931 0.566029663434113 0.567728280588591 0.560467769537935 0.5610763958879258 0.5547632629777525 0.5596653900423302 0.5550484883057616 0.5571457367466237 0.5574729035938392 0.556137875428341 0.5611808328579578 0.5543237250554324 0.5714489446662864 0.5547268695827454 0.5768682258984598 0.5582543841967346 0.583000570450656 0.5612779681515824 0.5855675984027382 0.565007055029228 0.5868511123787792 0.5685345696432171 0.5861380490587564 0.5712557952025801 0.5825727324586423
0 0.5474702680911107 0.5218197375926983 0.5464624067728281 0.5104107244723332 0.545252973190889 0.5032800912721049 0.5441443257407781 0.5017113519680547 0.5413223140495868 0.5011409013120365 0.5366861519854867 0.5048488305761551 0.5333602096351542 0.5084141471762692 0.5295303366256803 0.5158300057045065 0.5295303366256803 0.5218197375926983 0.530941342471276 0.5249572162007986 0.5330578512396694 0.5273816314888762 0.5375932271719411 0.5275242441528808 0.5451521870590607 0.524529378208785 0.5474702680911107 0.5218197375926983
0 0.6109655311429147 0.523531089560753 0.6127796815158234 0.5126925270964061 0.6123765369885104 0.5052766685681689 0.6107639588792582 0.49985738733599544 0.6080427333198952 0.4980034227039361 0.6036081435194517 0.4982886480319452 0.6001814150372908 0.5002852253280091 0.5972586172142713 0.5049914432401598 0.5952428945777061 0.5141186537364518 0.5960491836323322 0.5221049629207074 0.59907276758718 0.5326583000570451 0.6003829873009474 0.5342270393610953 0.6059262245515017 0.5340844266970907 0.6123765369885104 0.5326583000570451 0.6109655311429147 0.523531089560753
0 0.6418060874823625 0.5360810039931546 0.6444265269098972 0.5272390188248717 0.6448296714372103 0.5206788362806617 0.6432170933279581 0.5129777524244152 0.6403950816367667 0.5089845978322876 0.6391856480548277 0.5049914432401598 0.635456561177182 0.5028522532800913 0.6341463414634146 0.5049914432401598 0.6333400524087885 0.5092698231602967 0.6272928844990929 0.5152595550484883 0.6262850231808104 0.5221049629207074 0.6274944567627494 0.5292355961209355 0.6303164684539407 0.5380775812892185 0.6328361217496472 0.5402167712492869 0.6363636363636364 0.5406446092413006 0.6402942955049385 0.5387906446092413 0.6418060874823625 0.5360810039931546
0 0.6499697641604515 0.4623502567027952 0.6512799838742189 0.460781517398745 0.6526909897198145 0.45507701083856245 0.6522878451925015 0.44937250427837994 0.6502721225559362 0.44338277239018825 0.6467446079419472 0.43839132915002854 0.6437210239870994 0.43639475185396465 0.6388832896593428 0.43667997718197377 0.6351542027816972 0.4396748431260696 0.6311227575085668 0.44937250427837994 0.6283007458173755 0.45992584141471765 0.6285023180810321 0.46220764403879067 0.630014110058456 0.4643468339988591 0.6360612779681516 0.46662863662293214 0.6405966539004233 0.4667712492869367 0.6471477524692603 0.46463205932686824 0.6499697641604515 0.4623502567027952
0 0.6123765369885104 0.4285510553337136 0.6113686756702278 0.4219908727895037 0.6082443055835517 0.4189960068454079 0.6036081435194517 0.42013690815744437 0.592521669018343 0.4132915002852253 0.5903043741181213 0.41414717626925274 0.5881878653497279 0.4185681688533942 0.5869784317677887 0.42655447803764973 0.5885910098770409 0.43511123787792355 0.5909090909090909 0.4389617798060468 0.5943358193912518 0.44181403308613804 0.6012900624874017 0.44338277239018825 0.6105623866156017 0.4385339418140331 0.6123765369885104 0.4285510553337136
0 0.5821406974400323 0.47703936109526524 0.5829469864946584 0.4724757558471192 0.5823422697036887 0.46563034797490016 0.5802257609352953 0.46177980604677693 0.5765974601894779 0.4594980034227039 0.5725660149163475 0.4589275527666857 0.5685345696432171 0.46063890473474045 0.5648054827655714 0.4659155733029093 0.5646039105019149 0.4727609811751283 0.567325136061278 0.47632629777524244 0.5743801652892562 0.4817455790074159 0.5771013908486192 0.4827438676554478 0.5802257609352953 0.4814603536794067 0.5821406974400323 0.47703936109526524
0 0.6850433380366862 0.351968054763263 0.6865551300141101 0.34982886480319453 0.6879661358597057 0.34469480889903026 0.6867567022777665 0.33784940102681116 0.683430759927434 0.333998859098688 0.6785930255996775 0.33086138049058755 0.6743600080628905 0.33057615516257843 0.6719411408990122 0.3322875071306332 0.6688167708123363 0.33956075299486593 0.6694214876033058 0.3495436394751854 0.6704293489215883 0.35211066742726754 0.6752670832493449 0.35439247005134056 0.6822213263454948 0.35367940673131776 0.6850433380366862 0.351968054763263
0 0.34549485990727674 0.43482601254991443 0.3467042934892159 0.4314033086138049 0.34710743801652894 0.42569880205362237 0.34489014311630717 0.4140045636052481 0.3367264664382181 0.4015972618368511 0.3334005240878855 0.4037364517969196 0.33078008466035075 0.41115231032515687 0.3309816569240073 0.42940673131774104 0.3313848014513203 0.43311466058185966 0.33370288248337027 0.43782087849401025 0.3369280387018746 0.43981745579007414 0.3394476919975811 0.4396748431260696 0.3425720620842572 0.43867655447803766 0.34549485990727674 0.43482601254991443
0 0.38963918564805483 0.4376782658300057 0.39064704696633745 0.43282943525385054 0.38913525498891355 0.4298345693097547 0.3869179600886918 0.42840844266970907 0.3810723644426527 0.42070735881346266 0.37704091916952226 0.4184255561893896 0.37260632936907884 0.41871078151739877 0.3683733118322919 0.42156303479749 0.36665994759121145 0.4239874500855676 0.36504736948195926 0.42741015402167715 0.36484579721830274 0.43311466058185966 0.36877645635960493 0.44067313177410156 0.3731102600282201 0.4439532230462065 0.37411812134650274 0.45108385624643466 0.376940133037694 0.45365088419851685 0.38500302358395483 0.4465202509982886 0.38963918564805483 0.4376782658300057
0 0.3797621447288853 0.3213063320022818 0.3833904454747027 0.31560182544209925 0.38399516226567226 0.3110382201939532 0.3827857286837331 0.30733029092983455 0.38087079217899616 0.3051911009697661 0.36897802862326146 0.29920136908157446 0.364543438822818 0.29920136908157446 0.36293086071356584 0.30034227039361094 0.36061277968151584 0.30561893896177983 0.3614190687361419 0.3118938961779806 0.36383793590002017 0.317313177410154 0.36464422495464627 0.32415858528237307 0.36736545051400926 0.3262977752424415 0.3767385607740375 0.32786651454649174 0.3781495666196331 0.3267256132344552 0.3797621447288853 0.3213063320022818
0 0.39266276960290264 0.35867084997147747 0.3930659141302157 0.3549629207073588 0.38732110461600483 0.3439817455790074 0.37986293086071354 0.3405590416428979 0.3754283410602701 0.34112949229891615 0.3729086877645636 0.3444095835710211 0.3714976819189679 0.34982886480319453 0.3714976819189679 0.3558185966913862 0.37250554323725055 0.3592413006274957 0.37683934690586574 0.36309184255561894 0.3843983067929853 0.3635196805476326 0.3915541221527918 0.3608100399315459 0.39266276960290264 0.35867084997147747
0 0.4275347712154807 0.37721049629207076 0.42934892158838944 0.37236166571591556 0.4291473493247329 0.36580148317170563 0.42773634347913725 0.3600969766115231 0.42572062084257206 0.3552481460353679 0.4236041120741786 0.35282373074729034 0.4197742390647047 0.35282373074729034 0.417960088691796 0.35510553337136336 0.41201370691392863 0.36409013120365086 0.4097964120137069 0.3712207644038791 0.40999798427736345 0.3769252709640616 0.41231606530941345 0.38163148887621223 0.4155412215279178 0.38391329150028525 0.420278169723846 0.3843411294922989 0.42400725660149163 0.3822019395322305 0.4275347712154807 0.37721049629207076
0 0.4595847611368676 0.41314888762122076 0.46079419471880667 0.41086708499714775 0.46018947792783715 0.4063034797490017 0.45686353557750453 0.401312036508842 0.45121951219512196 0.396748431260696 0.44214876033057854 0.3953223046206503 0.4402338238258416 0.39831717056474614 0.4394275347712155 0.4043069024529378 0.4402338238258416 0.41514546491728466 0.4439629107034872 0.4224187107815174 0.446986494658335 0.4252709640616087 0.4491030034267285 0.42512835139760413 0.45101793993146544 0.4247005134055904 0.4595847611368676 0.41314888762122076
0 0.4702680911106632 0.4439532230462065 0.4673452932876436 0.43867655447803766 0.4631122757508567 0.43468339988590987 0.4594839750050393 0.4329720479178551 0.4574682523684741 0.4332572732458642 0.45242894577706105 0.43782087849401025 0.44809514210844587 0.4385339418140331 0.4484982866357589 0.4442384483742156 0.451622656722435 0.45037079292641186 0.4588792582140697 0.4577866514546492 0.46321306188268496 0.45792926411865376 0.46986494658335015 0.44965772960638906 0.4702680911106632 0.4439532230462065
0 0.4964724853860109 0.39004563605248144 0.49586776859504134 0.3843411294922989 0.49445676274944567 0.38034797490017114 0.4905261036081435 0.3787792355961209 0.48004434589800443 0.38305761551625783 0.47954041523886315 0.3871933827723902 0.48236242693005443 0.4051625784369652 0.4864946583350131 0.4130062749572162 0.49042531747631524 0.41314888762122076 0.49304575690385005 0.4074443810610382 0.4964724853860109 0.39004563605248144
0 0.5113888328965934 0.3387050770108386 0.5121951219512195 0.33357102110667425 0.5112880467647651 0.3322875071306332 0.506551098568837 0.330718767826583 0.5058455956460391 0.3174557900741586 0.5014110058455956 0.31688533941814034 0.49435597661761743 0.31916714204221336 0.490324531344487 0.31916714204221336 0.48478129409393267 0.3221620079863092 0.48619229993952834 0.3295778665145465 0.49435597661761743 0.3419851682829435 0.4979842773634348 0.34512264689104394 0.502721225559363 0.346406160867085 0.5076597460189478 0.34455219623502564 0.5113888328965934 0.3387050770108386
0 0.531747631525902 0.3552481460353679 0.5327554928441847 0.3492584141471763 0.532150776053215 0.34412435824301196 0.5303366256803064 0.34041642897889335 0.5255996774843782 0.3374215630347975 0.5217698044749043 0.3397033656588705 0.5178391453336021 0.3449800342270394 0.519350937311026 0.34854535082715343 0.5230800241886716 0.3518254420992584 0.5252973190888933 0.36066742726754136 0.5265067526708325 0.36066742726754136 0.5297319088893369 0.3589560752994866 0.531747631525902 0.3552481460353679
0 0.5605724652287846 0.3612378779235596 0.5623866156016932 0.3555333713633771 0.5625881878653497 0.3435539075869937 0.5591614593831888 0.3338562464346834 0.5572465228784519 0.3320022818026241 0.5493852045958476 0.33513976041072446 0.5480749848820802 0.33813462635482033 0.5482765571457368 0.34469480889903026 0.5472686958274542 0.348687963491158 0.5474702680911107 0.36608670849971475 0.5487804878048781 0.3670849971477467 0.5537190082644629 0.3672276098117513 0.5582543841967346 0.3648031945236737 0.5605724652287846 0.3612378779235596
0 0.5575488812739368 0.3064746149458072 0.5591614593831888 0.3001996577296064 0.5569441644829671 0.29335424985738734 0.5532150776053215 0.28864803194523675 0.5497883491231607 0.286936679977182 0.5431364644224954 0.28864803194523675 0.5388026607538803 0.2944951511694238 0.5369885103809716 0.299343981745579 0.5379963716992542 0.3047632629777524 0.5422293892360411 0.3170279520821449 0.545252973190889 0.3201654306902453 0.5501914936504737 0.31688533941814034 0.5575488812739368 0.3064746149458072
0 0.4426526909897198 0.265687393040502 0.44426526909897196 0.26112378779235595 0.44426526909897196 0.25513405590416427 0.4418464019350937 0.24971477467199088 0.44124168514412415 0.24429549343981746 0.4394275347712155 0.24001711351968055 0.4352953033662568 0.23616657159155732 0.432271719411409 0.23730747290359383 0.4281394880064503 0.24401026811180831 0.42551904857891554 0.2502852253280091 0.42491433178794596 0.25713063320022816 0.42551904857891554 0.26083856246434683 0.42864341866559164 0.2655447803764974 0.432674863938722 0.26811180832857956 0.43680709534368073 0.2688248716486024 0.4395283209030437 0.2683970336565887 0.4426526909897198 0.265687393040502
0 0.6452328159645233 0.2539931545921278 0.6464422495464625 0.24343981745579008 0.6445273130417255 0.23844837421563034 0.6398911509776255 0.2370222475755847 0.6364644224954646 0.23730747290359383 0.6342471275952429 0.23844837421563034 0.632735335617819 0.2417284654877353 0.6309211852449103 0.2502852253280091 0.6305180407175972 0.25770108385624646 0.6315259020358799 0.2616942384483742 0.6355573473090103 0.26511694238448374 0.6415037290868777 0.2609811751283514 0.6452328159645233 0.2539931545921278