1 0.24763152590203588 0.41871078151739877 0.2503527514613989 0.4140045636052481 0.25357790767990324 0.40031374786081003 0.2533763354162467 0.3940387906446092 0.25125982664785323 0.3904734740444952 0.23896391856480548 0.39988590986879635 0.2338238258415642 0.40658870507701084 0.2328159645232816 0.40915573302909297 0.23301753678693812 0.4154306902452938 0.2346301148961903 0.41913861950941245 0.23755291271920984 0.42213348545350826 0.24047571054222938 0.42256132344552194 0.24501108647450112 0.4212778094694809 0.24763152590203588 0.41871078151739877
1 0.265470671235638 0.43511123787792355 0.2699052610360814 0.4222760981175128 0.2715178391453336 0.4105818596691386 0.2698044749042532 0.40787221905305193 0.26657931868574886 0.4067313177410154 0.2577101390848619 0.41043924700513407 0.25206611570247933 0.41414717626925274 0.2481354565611772 0.4197090701654307 0.24833702882483372 0.42741015402167715 0.2509574682523685 0.4325442099258414 0.2554928441846402 0.43782087849401025 0.2602297923805684 0.4388191671420422 0.26274944567627495 0.43839132915002854 0.265470671235638 0.43511123787792355
1 0.25519048578915543 0.6322019395322305 0.2539810522072163 0.6230747290359384 0.2510582543841967 0.6103822019395322 0.24460794194718807 0.6103822019395322 0.2386615601693207 0.6165145464917284 0.2366458375327555 0.6216486023958927 0.23725055432372505 0.6267826583000571 0.24269300544245112 0.6396177980604678 0.24803467042934893 0.6463205932686823 0.2513606127796815 0.6473188819167142 0.2549889135254989 0.6430405019965773 0.25519048578915543 0.6322019395322305
1 0.26889739971779886 0.6210781517398745 0.2699052610360814 0.6170849971477467 0.2699052610360814 0.6108100399315459 0.2668816770812336 0.5919851682829436 0.26496674057649666 0.589560752994866 0.2625478734126184 0.5889903023388476 0.25357790767990324 0.6005419281232174 0.2521669018343076 0.6051055333713634 0.25156218504333805 0.6128066172276098 0.2525700463616206 0.619937250427838 0.2554928441846402 0.6257843696520251 0.2583148558758315 0.6269252709640616 0.26325337633541623 0.6267826583000571 0.26657931868574886 0.6252139189960069 0.26889739971779886 0.6210781517398745
1 0.28724047571054223 0.7739589275527667 0.289860915138077 0.7659726183685112 0.2900624874017335 0.7602681118083285 0.2886514815561379 0.7548488305761551 0.28663575891957266 0.7511409013120365 0.2810925216690183 0.7475755847119224 0.27847208224148357 0.742156303479749 0.2765571457367466 0.7437250427837993 0.27393670630921185 0.7511409013120365 0.27030840556339447 0.7654021677124929 0.2695021165087684 0.7716771249286937 0.27111469461802057 0.7770964061608671 0.2738359201773836 0.7800912721049629 0.2795807296915944 0.7810895607529948 0.282503527514614 0.7800912721049629 0.28724047571054223 0.7739589275527667
1 0.32997379560572465 0.676126640045636 0.33198951824228984 0.67156303479749 0.33279580729691594 0.6647176269252709 0.33219109050594636 0.660439247005134 0.32926829268292684 0.6560182544209926 0.32160854666397903 0.6503137478608101 0.31777867365450513 0.6514546491728466 0.31505744809514213 0.6550199657729606 0.3118322918766378 0.6652880775812893 0.3118322918766378 0.669281232173417 0.31344486998588994 0.6752709640616087 0.31596452328159647 0.679406731317741 0.3199959685547269 0.6828294352538505 0.32251562185043336 0.6829720479178552 0.32563999193710946 0.6816885339418141 0.32997379560572465 0.676126640045636
1 0.3244305583551703 0.5790074158585282 0.32916750655109855 0.572875071306332 0.3311832291876638 0.5666001140901312 0.3305785123966942 0.5608956075299487 0.3295706510784116 0.5580433542498574 0.3270509977827051 0.5550484883057616 0.31979439629107037 0.5513405590416429 0.31717395686353556 0.547062179121506 0.3139488006450312 0.5456360524814603 0.31142914734932475 0.554905875641757 0.3124370086676073 0.5720193953223046 0.31364644224954646 0.5771534512264689 0.3155613787542834 0.5801483171705647 0.3175771013908486 0.5815744438106104 0.31949203789558556 0.5814318311466058 0.32160854666397903 0.5812892184826013 0.3244305583551703 0.5790074158585282
1 0.29610965531142913 0.4995721620079863 0.29953638379359 0.48844837421563037 0.29842773634347913 0.48659440958357103 0.2941947188066922 0.48488305761551626 0.287542834106027 0.4851682829435254 0.28230195525095747 0.48659440958357103 0.27988308808707923 0.4883057615516258 0.27837129610965533 0.4913006274957216 0.27756500705502923 0.5007130633200229 0.2787744406369684 0.5067027952082145 0.280185446482564 0.510125499144324 0.282503527514614 0.5128351397604107 0.28643418665591613 0.5129777524244152 0.28955855674259223 0.5108385624643468 0.29610965531142913 0.4995721620079863
1 0.3204998992138682 0.46021106674272677 0.3213061882684943 0.45393610952652597 0.32029832695021165 0.44737592698231604 0.31777867365450513 0.44466628636622935 0.30991735537190085 0.44381061038220193 0.3066921991533965 0.4423844837421563 0.30084660350735737 0.44381061038220193 0.29842773634347913 0.4455219623502567 0.29610965531142913 0.44965772960638906 0.30014110058455956 0.4604962920707359 0.30991735537190085 0.4694808899030234 0.31425115904051604 0.46990872789503707 0.31727474299536385 0.46762692527096406 0.3204998992138682 0.46021106674272677
1 0.33219109050594636 0.4995721620079863 0.3340052408788551 0.4950085567598403 0.3348115299334812 0.48844837421563037 0.333198951824229 0.48131774101540215 0.328562789760129 0.4761836851112379 0.32695021165087684 0.4713348545350827 0.3252368474097964 0.46891043924700515 0.32181011892763556 0.47062179121505987 0.31808103204998994 0.4750427837992014 0.3118322918766378 0.48844837421563037 0.31142914734932475 0.4950085567598403 0.31263858093126384 0.4990017113519681 0.31596452328159647 0.5028522532800913 0.32080225760935294 0.504563605248146 0.3259423503325942 0.5047062179121506 0.32946986494658337 0.5031374786081004 0.33219109050594636 0.4995721620079863
1 0.25972586172142714 0.3354249857387336 0.2618423704898206 0.33243011979463777 0.2630518040717597 0.32815173987450086 0.26244708728079014 0.32187678265830005 0.25841564200765976 0.31332002281802623 0.25508969965732714 0.3034797490017114 0.2509574682523685 0.31217912150598975 0.24652287845192503 0.31788362806617226 0.24470872807901634 0.32187678265830005 0.24410401128804676 0.32615516257843696 0.24470872807901634 0.333000570450656 0.24722838137472283 0.3365658870507701 0.25156218504333805 0.3389903023388477 0.25508969965732714 0.3382772390188249 0.25972586172142714 0.3354249857387336
1 0.270509977827051 0.36066742726754136 0.26889739971779886 0.34897318881916717 0.26627696029026404 0.3387050770108386 0.2629510179399315 0.3345693097547062 0.2587180004031445 0.3345693097547062 0.2518645434388228 0.3399885909868796 0.24753073977020762 0.3492584141471763 0.24793388429752067 0.35638904734740445 0.2508566821205402 0.35995436394751856 0.2579117113485184 0.3636622932116372 0.2674863938722032 0.36466058185966915 0.26940133037694014 0.3636622932116372 0.270509977827051 0.36066742726754136
1 0.289860915138077 0.37293211637193385 0.2908687764563596 0.36637193382772393 0.29046563192904656 0.3629492298916144 0.28965934287442047 0.359811751283514 0.28734126184237047 0.356531660011409 0.2780689377141705 0.35139760410724474 0.27595242894577704 0.3529663434112949 0.2745414231001814 0.35810039931545923 0.27171941140899014 0.3629492298916144 0.27111469461802057 0.36580148317170563 0.2715178391453336 0.37207644038790644 0.2725257004636162 0.375499144324016 0.27524692602297923 0.3787792355961209 0.27827050997782704 0.3804905875641757 0.28280588591009875 0.38034797490017114 0.28673654505140095 0.37763833428408444 0.289860915138077 0.37293211637193385
1 0.35315460592622455 0.4604962920707359 0.3545656117718202 0.4490872789503708 0.35396089498085065 0.44452367370222473 0.3522475307397702 0.44181403308613804 0.34882080225760936 0.4409583571021107 0.34418464019350936 0.4432401597261837 0.3415642007659746 0.4455219623502567 0.338641402942955 0.4505134055904164 0.337835113888329 0.4542213348545351 0.338641402942955 0.4604962920707359 0.3413626285023181 0.4643468339988591 0.34569643217093327 0.4664860239589276 0.3492239467849224 0.46605818596691384 0.35315460592622455 0.4604962920707359
1 0.3071961298125378 0.7009412435824302 0.3061882684942552 0.6929549343981746 0.30165289256198347 0.6882487164860239 0.2974198750251965 0.6879634911580148 0.2941947188066922 0.6896748431260696 0.29026405966539004 0.6995151169423844 0.2908687764563596 0.7154877353108956 0.2943962910703487 0.7227609811751283 0.2981253779479944 0.7226183685111238 0.3051804071759726 0.7103536794067313 0.3071961298125378 0.7009412435824302
1 0.345192501511792 0.8191671420422133 0.347510582543842 0.8136052481460354 0.3491231606530941 0.805904164289789 0.3489215883894376 0.799343981745579 0.34730901028018546 0.7939247005134056 0.345192501511792 0.7909298345693098 0.34196734529328765 0.7889332572732458 0.33733118322918765 0.789218482601255 0.33370288248337027 0.7923559612093554 0.32997379560572465 0.7990587564175698 0.3265470671235638 0.8098973188819167 0.3267486393872203 0.8161722760981175 0.32946986494658337 0.8200228180262408 0.33309816569240075 0.8225898459783229 0.33662568030638984 0.8224472333143183 0.34277363434791375 0.8214489446662864 0.345192501511792 0.8191671420422133
1 0.34932473291675065 0.7451511694238449 0.35113888328965936 0.7385909868796349 0.3513404555533159 0.732030804335425 0.3466035073573876 0.7207644038790645 0.34499092924813546 0.7190530519110097 0.340556339447692 0.7179121505989732 0.3369280387018746 0.719623502567028 0.33360209635154203 0.7243297204791785 0.33198951824228984 0.7314603536794068 0.33198951824228984 0.7380205362236166 0.333198951824229 0.7445807187678266 0.335517032856279 0.7495721620079863 0.33733118322918765 0.7512835139760411 0.3420681314251159 0.7517113519680547 0.3453940737754485 0.7504278379920137 0.34932473291675065 0.7451511694238449
1 0.36333400524087883 0.7327438676554479 0.3685748840959484 0.7267541357672561 0.3714976819189679 0.7217626925270965 0.37270711550090707 0.7177695379349687 0.3731102600282201 0.7106389047347405 0.3767385607740375 0.7060752994865944 0.38157629510179397 0.6929549343981746 0.381979439629107 0.6878208784940103 0.3804676476516831 0.6814033086138049 0.37280790163273536 0.6802624073017683 0.36877645635960493 0.6811180832857958 0.36081435194517236 0.6881061038220194 0.36000806289054627 0.6929549343981746 0.3602096351542028 0.6995151169423844 0.35688369280387017 0.701939532230462 0.3549687562991332 0.7049343981745579 0.3533561781898811 0.7100684540787222 0.35234831687159845 0.720907016543069 0.3527514613989115 0.7268967484312607 0.3541624672445072 0.7323160296634341 0.35688369280387017 0.7350256702795208 0.3579923402539811 0.7348830576155163 0.36051199354968755 0.7347404449515117 0.36333400524087883 0.7327438676554479
1 0.3843983067929853 0.754563605248146 0.38228179802459183 0.7435824301197946 0.3766377746422092 0.7384483742156304 0.3722031848417658 0.737592698231603 0.36877645635960493 0.7407301768397033 0.3670630921185245 0.7437250427837993 0.36565208627292883 0.7488590986879635 0.3652489417456158 0.7548488305761551 0.3662568030638984 0.7602681118083285 0.36877645635960493 0.7638334284084427 0.37331183229187664 0.7648317170564746 0.38167708123362226 0.7589845978322876 0.3843983067929853 0.754563605248146
1 0.384297520661157 0.8023388476896749 0.3884297520661157 0.7944951511694238 0.3886313243297722 0.7876497432972048 0.38762346301148964 0.7825156873930404 0.38087079217899616 0.7738163148887621 0.3764362023785527 0.7746719908727895 0.37250554323725055 0.7776668568168853 0.36867567022777664 0.7870792926411866 0.3676678089094941 0.7930690245293782 0.3678693811731506 0.799343981745579 0.36877645635960493 0.8020536223616657 0.3713968957871397 0.804905875641757 0.3773432775650071 0.8061893896177981 0.38167708123362226 0.804905875641757 0.384297520661157 0.8023388476896749
1 0.41201370691392863 0.6433257273245864 0.4134247127595243 0.6336280661722761 0.4132231404958678 0.626497432972048 0.4116105623866156 0.6205077010838562 0.4094940536182221 0.6169423844837422 0.40385003023583954 0.6149458071876782 0.40002015722636564 0.6169423844837422 0.39729893166700264 0.6207929264118653 0.39427534771215483 0.6276383342840844 0.39346905865752874 0.6347689674843126 0.3940737754484983 0.6381916714204221 0.3978028623261439 0.6446092413006275 0.3998185849627091 0.6460353679406732 0.40818383390445473 0.6473188819167142 0.4109050594638178 0.6460353679406732 0.41201370691392863 0.6433257273245864
1 0.43086071356581335 0.6768397033656589 0.43771417053013506 0.6697090701654307 0.4404353960894981 0.6658585282373075 0.43902439024390244 0.6621505989731888 0.43771417053013506 0.6602966343411295 0.42904656319290463 0.6548773531089561 0.42320096754686554 0.654592127780947 0.41967345293287645 0.6612949229891615 0.41886716387825035 0.6652880775812893 0.41886716387825035 0.6721334854535083 0.4209836726466438 0.6776953793496863 0.4245111872606329 0.6792641186537365 0.427635557347309 0.6788362806617227 0.43086071356581335 0.6768397033656589
1 0.44880064503124373 0.7190530519110097 0.4507155815359806 0.716343411294923 0.4513202983269502 0.7114945807187678 0.4501108647450111 0.6938106103822019 0.44718806692199153 0.688533941814033 0.44426526909897196 0.6909583571021106 0.4418464019350937 0.6980889903023388 0.43620237855271116 0.7052196235025671 0.43519451723442854 0.7100684540787222 0.4371094537391655 0.7167712492869367 0.43972989316670025 0.7193382772390188 0.4444668413626285 0.7206217912150599 0.44718806692199153 0.7204791785510554 0.44880064503124373 0.7190530519110097
1 0.43398508365248945 0.7659726183685112 0.43620237855271116 0.7602681118083285 0.43841967345293287 0.7494295493439818 0.43761338439830677 0.7437250427837993 0.43610159242088287 0.7418710781517399 0.43186857488409597 0.7395892755276668 0.42803870187462206 0.7390188248716486 0.4236041120741786 0.7401597261836851 0.42017738359201773 0.7430119794637764 0.4172545857689982 0.7494295493439818 0.41685144124168516 0.7531374786081004 0.4172545857689982 0.7605533371363377 0.4190687361419069 0.7654021677124929 0.42340253981052206 0.7698231602966343 0.42773634347913725 0.7705362236166572 0.43166700262043944 0.768967484312607 0.43398508365248945 0.7659726183685112
1 0.4755089699657327 0.7146320593268682 0.47409796412013705 0.7086423274386765 0.4723845998790566 0.7059326868225898 0.4707720217698045 0.7047917855105533 0.46674057649667405 0.7050770108385624 0.4627091312235436 0.7076440387906446 0.4603910501914937 0.7106389047347405 0.45938318887321106 0.7149172846548774 0.4595847611368676 0.7203365658870508 0.46522878451925015 0.727467199087279 0.4673452932876436 0.7327438676554479 0.4708728079016327 0.7340273816314888 0.4747026809111066 0.7234740444951512 0.4755089699657327 0.7146320593268682
1 0.4862930860713566 0.7789503707929264 0.49274339850836524 0.7721049629207074 0.4964724853860109 0.765687393040502 0.4970772021769804 0.7602681118083285 0.4941544043539609 0.7561323445521962 0.4887119532352348 0.7547062179121506 0.47802862326143924 0.7549914432401598 0.4745011086474501 0.75656018254421 0.473291675065511 0.7602681118083285 0.473291675065511 0.7659726183685112 0.4747026809111066 0.7765259555048488 0.47641604515218705 0.780376497432972 0.4797419875025197 0.7816600114090131 0.4828663575891957 0.7812321734169995 0.4862930860713566 0.7789503707929264
1 0.4986897802862326 0.8270108385624644 0.5011086474501109 0.8215915573302909 0.5015117919774239 0.8141756988020536 0.5009070751864544 0.8101825442099259 0.494960693408587 0.8006274957216201 0.4901229590808305 0.7957786651454649 0.4862930860713566 0.7952082144894467 0.4826647853255392 0.7977752424415288 0.48175771013908486 0.7996292070735881 0.4819592824027414 0.8224472333143183 0.48256399919371096 0.8264403879064461 0.4844789356984479 0.8302909298345693 0.4866962305986696 0.8322875071306332 0.49042531747631524 0.8332857957786651 0.49435597661761743 0.832002281802624 0.4986897802862326 0.8270108385624644
1 0.5351743600080628 0.8492584141471763 0.5371900826446281 0.8438391329150029 0.5371900826446281 0.837564175698802 0.5357790767990325 0.8304335424985738 0.5332594235033259 0.825156873930405 0.529832695021165 0.8225898459783229 0.5255996774843782 0.8225898459783229 0.5209635154202782 0.8260125499144324 0.5190485789155412 0.8301483171705647 0.5182422898609151 0.8361380490587564 0.5184438621245716 0.8438391329150029 0.5196532957065108 0.848687963491158 0.5215682322112477 0.8522532800912721 0.5251965329570651 0.8542498573873359 0.5307397702076194 0.8546776953793497 0.5330578512396694 0.8533941814033086 0.5351743600080628 0.8492584141471763
1 0.37300947389639183 0.605533371363377 0.3764362023785527 0.6049629207073588 0.3817778673654505 0.5985453508271534 0.38318887321104617 0.5942669709070165 0.3827857286837331 0.5919851682829436 0.38087079217899616 0.5901312036508842 0.3762346301148962 0.5892755276668569 0.369985889941544 0.5824301197946378 0.36716387825035274 0.5824301197946378 0.36414029429550493 0.5841414717626925 0.36182221326345493 0.5874215630347975 0.36081435194517236 0.5911294922989161 0.36061277968151584 0.6011123787792356 0.362225357790768 0.6076725613234455 0.36504736948195926 0.6102395892755277 0.36877645635960493 0.6092413006274957 0.37300947389639183 0.605533371363377
1 0.3627292884499093 0.5444951511694238 0.3706913928643419 0.5326583000570451 0.3729086877645636 0.5246719908727895 0.37260632936907884 0.5154021677124929 0.36877645635960493 0.5145464917284654 0.3558758314855876 0.5193953223046206 0.3522475307397702 0.5219623502567028 0.3497278774440637 0.5263833428408443 0.3487200161257811 0.5320878494010268 0.34952630518040717 0.5386480319452367 0.35265067526708327 0.5439247005134056 0.3579923402539811 0.5466343411294923 0.360310421286031 0.5464917284654878 0.3627292884499093 0.5444951511694238
1 0.3892360411207418 0.514403879064461 0.38963918564805483 0.500998288648032 0.3886313243297722 0.4932972047917855 0.3871195323523483 0.4905875641756988 0.3849022374521266 0.48916143753565317 0.37784720822414836 0.4900171135196805 0.37583148558758317 0.4914432401597262 0.3714976819189679 0.49814603536794066 0.3700866760733723 0.5041357672561323 0.37048982060068536 0.5092698231602967 0.37169925418262445 0.5126925270964061 0.3750251965329571 0.5162578436965203 0.3804676476516831 0.5191100969766115 0.38601088490223745 0.5198231602966343 0.3884297520661157 0.518967484312607 0.3892360411207418 0.514403879064461
1 0.38681717395686355 0.4733314318311466 0.38903446885708526 0.4662007986309184 0.38832896593428745 0.4594980034227039 0.384297520661157 0.4597832287507131 0.3812739367063092 0.46177980604677693 0.3766377746422092 0.46292070735881347 0.37180004031445274 0.466343411294923 0.3678693811731506 0.4721905305191101 0.366861519854868 0.47818026240730177 0.3684740979641201 0.48388476896748434 0.37260632936907884 0.4885909868796349 0.3767385607740375 0.4890188248716486 0.38097157831082445 0.4844552196235026 0.38681717395686355 0.4733314318311466
1 0.3849022374521266 0.44067313177410156 0.3864140294295505 0.4385339418140331 0.3878250352751461 0.43311466058185966 0.3878250352751461 0.42712492869366797 0.3864140294295505 0.4219908727895037 0.38087079217899616 0.416999429549344 0.3764362023785527 0.4172846548773531 0.37169925418262445 0.4222760981175128 0.3700866760733723 0.42683970336565885 0.3698851038097158 0.43311466058185966 0.371900826446281 0.43938961779806046 0.3750251965329571 0.44266970907016545 0.37855271114694616 0.44309754706217913 0.38087079217899616 0.44295493439817457 0.3849022374521266 0.44067313177410156
1 0.38318887321104617 0.40288077581289217 0.3827857286837331 0.3883342840844267 0.3804676476516831 0.38191671420422135 0.3762346301148962 0.3804905875641757 0.3713968957871397 0.3827723901882487 0.3684740979641201 0.3854820308043354 0.36665994759121145 0.38861950941243584 0.3660552308002419 0.39517969195664576 0.366861519854868 0.3997432972047918 0.36867567022777664 0.40345122646891046 0.37633541624672445 0.4154306902452938 0.3805684337835114 0.4165715915573303 0.381173150574481 0.4105818596691386 0.38318887321104617 0.40288077581289217
1 0.44890143116307196 0.6102395892755277 0.4507155815359806 0.6051055333713634 0.4511187260632937 0.5911294922989161 0.44738963918564806 0.589560752994866 0.4431566216488611 0.5858528237307473 0.4393267486393872 0.5864232743867656 0.43549687562991335 0.5898459783228751 0.43136464422495463 0.5965487735310896 0.429953638379359 0.6033941814033086 0.4305583551703286 0.6105248146035368 0.4329772223342068 0.6159440958357102 0.43549687562991335 0.6183685111237878 0.439629107034872 0.6193667997718197 0.4449707720217698 0.6163719338277239 0.44890143116307196 0.6102395892755277
1 0.40334609957669826 0.5768682258984598 0.405966539004233 0.5683114660581859 0.405966539004233 0.5631774101540217 0.40536182221326345 0.5606103822019395 0.40324531344486997 0.5576155162578437 0.40022172949002216 0.5553337136337707 0.3917556944164483 0.5547632629777525 0.38832896593428745 0.5567598402738163 0.38520459584761135 0.5606103822019395 0.3858093126385809 0.5663148887621221 0.3884297520661157 0.5768682258984598 0.390848619229994 0.5822875071306332 0.3925619834710744 0.5838562464346834 0.39649264261237654 0.5842840844266971 0.3996170126990526 0.5824301197946378 0.40334609957669826 0.5768682258984598
1 0.4940536182221326 0.6547347404449515 0.4964724853860109 0.6493154592127781 0.4968756299133239 0.6438961779806047 0.49294497077202176 0.6326297775242442 0.490324531344487 0.6303479749001711 0.485688369280387 0.6294922989161438 0.48074984882080224 0.6330576155162578 0.47792783712961096 0.6387621220764403 0.47691997581132833 0.6447518539646321 0.47772626486595443 0.6496006845407872 0.4805482765571457 0.6575869937250428 0.4826647853255392 0.6602966343411295 0.4867970167304979 0.6612949229891615 0.4901229590808305 0.6597261836851113 0.4940536182221326 0.6547347404449515
1 0.5120943358193912 0.701939532230462 0.517032856278976 0.6943810610382202 0.5182422898609151 0.6883913291500285 0.5178391453336021 0.6835424985738734 0.516629711751663 0.6806902452937821 0.5143116307196129 0.6776953793496863 0.5114896190284217 0.6765544780376498 0.509675468655513 0.6714204221334854 0.5064503124370087 0.6708499714774672 0.5052408788550695 0.6714204221334854 0.5039306591413022 0.6755561893896178 0.5001007861318283 0.6798345693097547 0.49768191896795 0.6889617798060468 0.49768191896795 0.6946662863662293 0.49909292481354567 0.6989446662863662 0.5022172949002217 0.7030804335424986 0.5061479540415239 0.7043639475185397 0.510078613182826 0.7036508841985168 0.5120943358193912 0.701939532230462
1 0.5013102197137674 0.6721334854535083 0.5043338036686152 0.6555904164289789 0.5043338036686152 0.649030233884769 0.5020157226365652 0.6454649172846548 0.4979842773634348 0.6457501426126641 0.49445676274944567 0.6359098687963491 0.490324531344487 0.6303479749001711 0.485688369280387 0.6297775242441529 0.4826647853255392 0.6309184255561894 0.4781294093932675 0.6384768967484312 0.47712154807498486 0.6436109526525956 0.47792783712961096 0.6507415858528237 0.4799435597661762 0.6564460924130062 0.48246321306188267 0.6602966343411295 0.4867970167304979 0.6618653736451797 0.48740173352146743 0.6661437535653166 0.48941745615803267 0.6709925841414718 0.49173553719008267 0.6742726754135767 0.4946583350131022 0.6758414147176269 0.49858899415440433 0.6751283513976041 0.5013102197137674 0.6721334854535083
1 0.545252973190889 0.7380205362236166 0.5458576899818585 0.7323160296634341 0.5439427534771215 0.7290359383913292 0.5374924410401128 0.7290359383913292 0.5276154001209433 0.7344552196235026 0.5238863132432977 0.738876212207644 0.5240878855069543 0.7457216200798631 0.5277161862527716 0.754563605248146 0.5332594235033259 0.7615516257843696 0.5375932271719411 0.7614090131203651 0.541423100181415 0.754563605248146 0.545252973190889 0.7380205362236166
1 0.5709534368070953 0.8282943525385055 0.5785123966942148 0.8121791215059897 0.5787139689578714 0.8101825442099259 0.577403749244104 0.8080433542498574 0.572767587180004 0.8054763262977752 0.5683329973795606 0.8009127210496292 0.5634952630518041 0.8003422703936109 0.5588591009877041 0.8017683970336565 0.555734730901028 0.8053337136337707 0.5541221527917759 0.8101825442099259 0.5539205805281193 0.8210211066742726 0.555734730901028 0.8275812892184826 0.5592622455150171 0.8325727324586423 0.5625881878653497 0.833000570450656 0.5655109856883693 0.8325727324586423 0.5709534368070953 0.8282943525385055
1 0.586676073372304 0.8502567027952083 0.589397298931667 0.8432686822589845 0.5895988711953235 0.8327153451226469 0.5873815762951018 0.8147461494580719 0.5848619229993953 0.8120365088419852 0.5794194718806692 0.8120365088419852 0.5767990324531345 0.8077581289218483 0.5683329973795606 0.8006274957216201 0.5643015521064302 0.8000570450656018 0.5570449506147954 0.8034797490017114 0.5551300141100585 0.8076155162578437 0.5539205805281193 0.8158870507701084 0.5545252973190888 0.8224472333143183 0.556137875428341 0.8287221905305191 0.5602701068332997 0.8328579577866515 0.5649062688973997 0.8328579577866515 0.5687361419068736 0.8288648031945237 0.571961298125378 0.8282943525385055 0.5725660149163475 0.8262977752424415 0.5724652287845192 0.8378494010268112 0.5736746623664584 0.8446948088990303 0.577403749244104 0.8511123787792356 0.5800241886716387 0.8528237307472903 0.5825438419673453 0.8526811180832858 0.5842572062084257 0.8525385054192812 0.586676073372304 0.8502567027952083
1 0.6294093932674864 0.804905875641757 0.6315259020358799 0.7990587564175698 0.6315259020358799 0.7867940673131774 0.6305180407175972 0.7822304620650313 0.6273936706309212 0.7775242441528808 0.6239669421487604 0.775812892184826 0.6191292078210038 0.7755276668568168 0.6163071961298126 0.7769537934968626 0.6147954041523886 0.7808043354249857 0.6137875428341061 0.7870792926411866 0.614190687361419 0.7922133485453509 0.6166095545252973 0.799343981745579 0.6196331384801451 0.8047632629777525 0.6217496472485387 0.8069024529378209 0.6246724450715582 0.8076155162578437 0.6273936706309212 0.80718767826583 0.6294093932674864 0.804905875641757
1 0.7222334206813142 0.769965772960639 0.7234428542632534 0.7659726183685112 0.7232412819995968 0.7602681118083285 0.7216287038903447 0.7539931545921278 0.7181011892763556 0.7487164860239589 0.7140697440032252 0.7458642327438677 0.7098367264664383 0.7455790074158585 0.7067123563797622 0.7488590986879635 0.705906067325136 0.7517113519680547 0.705906067325136 0.7651169423844837 0.7098367264664383 0.7726754135767256 0.71437210239871 0.7739589275527667 0.7185043338036686 0.7729606389047348 0.7222334206813142 0.769965772960639
1 0.7611368675670228 0.8435539075869938 0.7591211449304576 0.8324301197946378 0.755795202580125 0.8265830005704506 0.7527716186252772 0.8240159726183686 0.7495464624067728 0.8225898459783229 0.7449103003426728 0.8231602966343411 0.7417859302559968 0.8270108385624644 0.7403749244104011 0.8324301197946378 0.739971779883088 0.8389903023388476 0.7413827857286838 0.848687963491158 0.7439024390243902 0.8528237307472903 0.7493448901431163 0.8568168853394181 0.7525700463616206 0.8582430119794637 0.7571054222938923 0.8581003993154592 0.7589195726668011 0.8546776953793497 0.7611368675670228 0.8435539075869938
1 0.7625478734126184 0.7129207073588134 0.7631525902035879 0.7012264689104393 0.7611368675670228 0.6920992584141472 0.7584156420076598 0.6879634911580148 0.7529731908889337 0.685966913861951 0.741886716387825 0.6919566457501426 0.7369481959282402 0.6935253850541928 0.7373513404555533 0.6998003422703936 0.7424914331787946 0.708499714774672 0.7491433178794598 0.7139189960068454 0.7563999193710945 0.7167712492869367 0.7595242894577706 0.7166286366229321 0.761237653698851 0.7162007986309185 0.7625478734126184 0.7129207073588134
1 0.775146139891151 0.6717056474614945 0.7784720822414836 0.6607244723331431 0.7756500705502922 0.6493154592127781 0.7725257004636162 0.6446092413006275 0.7688973997177988 0.6420422133485454 0.7646643821810118 0.6420422133485454 0.7610360814351945 0.6437535653166001 0.7575085668212054 0.6496006845407872 0.7565007055029228 0.6541642897889333 0.7565007055029228 0.6607244723331431 0.7575085668212054 0.6644324015972618 0.761640798226164 0.6719908727895038 0.7644628099173554 0.6737022247575585 0.7661761741584358 0.6735596120935539 0.7729288449909293 0.6731317741015402 0.775146139891151 0.6717056474614945
1 0.8032654706712357 0.67156303479749 0.8032654706712357 0.6601540216771249 0.8020560370892965 0.6550199657729606 0.8001411005845596 0.6517398745008557 0.7926829268292683 0.6491728465487735 0.7836121749647249 0.6491728465487735 0.7780689377141705 0.6530233884768968 0.777464220923201 0.6555904164289789 0.7784720822414836 0.6587278950370793 0.7848216085466639 0.6682829435253851 0.7918766377746422 0.6756988020536223 0.796412013706914 0.6775527666856817 0.8005442451118726 0.6762692527096407 0.8032654706712357 0.67156303479749
1 0.8412618423704898 0.6608670849971477 0.8431767788752268 0.6547347404449515 0.8419673452932877 0.649030233884769 0.8388429752066116 0.6437535653166001 0.8352146744607942 0.6414717626925271 0.8307800846603507 0.6406160867084997 0.8275549284418464 0.6414717626925271 0.8252368474097964 0.6438961779806047 0.8242289860915138 0.6504563605248146 0.8248337028824834 0.6550199657729606 0.826647853255392 0.6590131203650884 0.8318887321104615 0.6658585282373075 0.8356178189881073 0.6657159155733029 0.8412618423704898 0.6608670849971477
1 0.8534569643217094 0.682686822589846 0.8534569643217094 0.6769823160296634 0.8500302358395485 0.6655733029092984 0.8469058657528724 0.6600114090131204 0.8435799234025398 0.6567313177410155 0.8415642007659746 0.6487450085567599 0.8388429752066116 0.6437535653166001 0.8315863737149768 0.6411865373645179 0.8271517839145334 0.6423274386765545 0.8254384196734529 0.6441814033086138 0.8242289860915138 0.6501711351968055 0.82503527514614 0.6547347404449515 0.8274541423100181 0.6607244723331431 0.8300745817375529 0.6638619509412436 0.831284015319492 0.666999429549344 0.8320903043741181 0.67156303479749 0.8302761540012095 0.6766970907016543 0.8310824430558356 0.6801197946377638 0.8354162467244507 0.6856816885339418 0.8435799234025398 0.6863947518539646 0.8505341664986897 0.6851112378779236 0.8534569643217094 0.682686822589846
1 0.8998185849627092 0.6484597832287508 0.8998185849627092 0.6421848260125499 0.8967950010078614 0.6327723901882487 0.8942753477121548 0.6289218482601255 0.8904454747026809 0.6257843696520251 0.8854061681112679 0.625499144324016 0.881576295101794 0.6272104962920707 0.8782503527514613 0.6327723901882487 0.8782503527514613 0.6427552766685681 0.8790566418060874 0.6461779806046777 0.8807700060471679 0.6494580718767826 0.886615601693207 0.6551625784369652 0.8898407579117114 0.6565887050770108 0.8937714170530136 0.6564460924130062 0.8979036484579722 0.6537364517969195 0.8998185849627092 0.6484597832287508
1 0.8774440636968354 0.6293496862521392 0.8782503527514613 0.6216486023958927 0.8772424914331788 0.617655447803765 0.874218907478331 0.6108100399315459 0.8712961096553115 0.6078151739874501 0.8680709534368071 0.6069594980034227 0.8630316468453941 0.6078151739874501 0.8607135658133441 0.6105248146035368 0.859504132231405 0.6156588705077011 0.8605119935496875 0.6250713063320023 0.8666599475912115 0.6329150028522533 0.8707921789961701 0.633342840844267 0.8753275549284418 0.6320593268682259 0.8774440636968354 0.6293496862521392
1 0.8802660753880266 0.5828579577866515 0.8772424914331788 0.5688819167142042 0.8753275549284418 0.5656018254420992 0.8714976819189679 0.5630347974900171 0.8666599475912115 0.5633200228180263 0.8643418665591615 0.5663148887621221 0.8593025599677484 0.5771534512264689 0.859504132231405 0.5791500285225328 0.8606127796815158 0.580718767826583 0.8664583753275549 0.5824301197946378 0.8731102600282201 0.5872789503707929 0.8764362023785527 0.5877067883628067 0.8787542834106027 0.5872789503707929 0.8802660753880266 0.5828579577866515
1 0.874622052005644 0.5500570450656018 0.8752267687966135 0.5449229891614376 0.874622052005644 0.5383628066172276 0.8726063293690788 0.5332287507130633 0.8680709534368071 0.5273816314888762 0.8632332191090506 0.5259555048488306 0.8602096351542028 0.5265259555048488 0.8588994154404354 0.5275242441528808 0.8576899818584963 0.5320878494010268 0.8574884095948397 0.5446377638334284 0.8591009877040919 0.5506274957216201 0.8612174964724854 0.553907586993725 0.8628300745817375 0.5553337136337707 0.8671638782503528 0.5563320022818026 0.871900826446281 0.5541928123217341 0.874622052005644 0.5500570450656018
1 0.8518443862124572 0.5255276668568168 0.8518443862124572 0.5212492869366799 0.8484176577302963 0.5112664004563605 0.8478129409393268 0.5052766685681689 0.8565813344083854 0.4997147746719909 0.8588994154404354 0.49557900741585853 0.8591009877040919 0.49187107815173986 0.8586978431767789 0.48844837421563037 0.8570852650675267 0.4850256702795208 0.8519451723442855 0.47746719908727897 0.842874420479742 0.47290359383913294 0.8411610562386616 0.474187107815174 0.8403547671840355 0.47989161437535655 0.8391453336020963 0.4827438676554478 0.8391453336020963 0.4890188248716486 0.840153194920379 0.494438106103822 0.8353154605926224 0.510125499144324 0.8345091715379964 0.5221049629207074 0.8372303970973594 0.5273816314888762 0.8402539810522072 0.5299486594409584 0.8430759927433985 0.531374786081004 0.8476113686756702 0.5312321734169995 0.8501310219713767 0.5296634341129492 0.8518443862124572 0.5255276668568168
1 0.8296714372102398 0.543496862521392 0.826647853255392 0.5355105533371364 0.8237250554323725 0.5319452367370222 0.8196936101592421 0.5316600114090131 0.8176778875226769 0.5328009127210497 0.8079016327353357 0.5443525385054193 0.8062890546260835 0.5494865944095836 0.8078008466035074 0.5530519110096976 0.8118322918766377 0.5521962350256703 0.8194920378955856 0.5541928123217341 0.8238258415642008 0.5540501996577296 0.8290667204192703 0.5497718197375927 0.8296714372102398 0.543496862521392
1 0.7962104414432574 0.5335139760410724 0.79721830276154 0.5283799201369082 0.796815158234227 0.5212492869366799 0.7956057246522878 0.5164004563605248 0.7922797823019553 0.511123787792356 0.7888530538197944 0.5094124358243012 0.7840153194920378 0.5091272104962921 0.7811933078008466 0.5105533371363377 0.7800846603507358 0.5126925270964061 0.7780689377141705 0.521534512264689 0.7782705099778271 0.5275242441528808 0.7815964523281597 0.5330861380490588 0.7850231808103205 0.53593839132915 0.7887522676879661 0.5372219053051911 0.7930860713565814 0.5365088419851682 0.7962104414432574 0.5335139760410724
1 0.7752469260229793 0.5377923559612093 0.7776657931868575 0.5323730747290359 0.7777665793186858 0.5270964061608671 0.7743398508365249 0.5239589275527667 0.7690989719814554 0.5219623502567028 0.761640798226164 0.5222475755847119 0.7574077806893772 0.5233884768967484 0.7558959887119532 0.5252424415288077 0.7548881273936706 0.5272390188248717 0.7548881273936706 0.5329435253850542 0.758113283612175 0.5443525385054193 0.7608345091715379 0.5473474044495151 0.7649667405764967 0.5477752424415288 0.7699052610360815 0.5442099258414147 0.7752469260229793 0.5377923559612093
1 0.7139689578713969 0.6142327438676555 0.714775246926023 0.6108100399315459 0.7141705301350534 0.6011123787792356 0.7127595242894578 0.5971192241871078 0.7100382987300947 0.5935539075869938 0.7019754081838339 0.5858528237307473 0.69814553517436 0.5852823730747291 0.6964321709332796 0.5894181403308614 0.6948195928240274 0.5985453508271534 0.6956258818786535 0.6105248146035368 0.6972384599879057 0.615373645179692 0.6991533964926426 0.6180832857957786 0.7019754081838339 0.6197946377638335 0.705906067325136 0.6196520250998289 0.7106430155210643 0.6177980604677695 0.7139689578713969 0.6142327438676555
1 0.6766780890949405 0.7092127780946949 0.6776859504132231 0.7057900741585853 0.67728280588591 0.6998003422703936 0.6718403547671841 0.6835424985738734 0.6667002620439427 0.6751283513976041 0.6634751058254384 0.6751283513976041 0.6623664583753276 0.6775527666856817 0.6603507357387624 0.6935253850541928 0.6619633138480145 0.7052196235025671 0.6635758919572666 0.7100684540787222 0.6656924007256602 0.7127780946948089 0.671437210239871 0.7137763833428409 0.6741584357992341 0.7124928693667998 0.6766780890949405 0.7092127780946949
1 0.6180205603708929 0.6752709640616087 0.6194315662164886 0.67156303479749 0.6194315662164886 0.6658585282373075 0.6178189881072365 0.6607244723331431 0.6142914734932473 0.6540216771249286 0.6118726063293691 0.6514546491728466 0.6078411610562386 0.6505989731888192 0.6036081435194517 0.6534512264689104 0.6006853456964322 0.6590131203650884 0.5968554726869583 0.6778379920136908 0.5976617617415844 0.6809754706217912 0.5989719814553518 0.6822589845978323 0.6036081435194517 0.683970336565887 0.60834509171538 0.6838277239018825 0.6128804676476517 0.6808328579577867 0.6180205603708929 0.6752709640616087
1 0.573876234630115 0.7271819737592699 0.5740778068937714 0.7214774671990872 0.5728683733118323 0.7169138619509412 0.5687361419068736 0.7087849401026811 0.5643015521064302 0.708499714774672 0.5620842572062085 0.7099258414147176 0.5570449506147954 0.7179121505989732 0.5525095746825237 0.7231888191671421 0.5513001411005846 0.7266115231032516 0.5529127192098368 0.7308899030233885 0.5554323725055432 0.7327438676554479 0.5631929046563193 0.7340273816314888 0.5695424309614997 0.7316029663434113 0.573876234630115 0.7271819737592699
1 0.5589598871195324 0.712065031374786 0.5595646039105019 0.7106389047347405 0.5589598871195324 0.7052196235025671 0.5563394476919976 0.6986594409583571 0.5491836323321911 0.6871078151739874 0.5453537593227172 0.6865373645179692 0.5420278169723846 0.6923844837421563 0.5402136665994759 0.6989446662863662 0.5398105220721628 0.7055048488305762 0.5404152388631325 0.7083571021106674 0.5412215279177586 0.7106389047347405 0.543741181213465 0.713063320022818 0.5533158637371498 0.7146320593268682 0.5570449506147954 0.7142042213348545 0.5589598871195324 0.712065031374786
1 0.5113888328965934 0.6165145464917284 0.5113888328965934 0.6102395892755277 0.5105825438419673 0.6068168853394181 0.5085668212054021 0.601968054763263 0.5058455956460391 0.598687963491158 0.5020157226365652 0.598687963491158 0.500403144527313 0.5998288648031945 0.4962709131223544 0.6056759840273817 0.4946583350131022 0.6105248146035368 0.49828663575891957 0.6213633770678836 0.5006047167909695 0.623502567027952 0.5031243700866761 0.6239304050199658 0.5098770409191695 0.6220764403879064 0.5113888328965934 0.6165145464917284
1 0.4692602297923806 0.5155447803764974 0.46684136262850234 0.5004278379920137 0.4646240677282806 0.4970051340559042 0.4638177786736545 0.49386765544780376 0.4650272122555936 0.4844552196235026 0.46674057649667405 0.4817455790074159 0.4671437210239871 0.4831717056474615 0.4707720217698045 0.4854535082715345 0.4746018947792784 0.4851682829435254 0.4755089699657327 0.4827438676554478 0.4747026809111066 0.47789503707929265 0.47268695827454144 0.4750427837992014 0.47107438016528924 0.4681973759269823 0.46885708526506753 0.4644894466628637 0.4684539407377545 0.460781517398745 0.46674057649667405 0.45864232743867656 0.46371699254182625 0.45864232743867656 0.46170126990526106 0.4597832287507131 0.4587784720822415 0.4644894466628637 0.456661963313848 0.4714774671990873 0.45545252973190886 0.47233314318311465 0.45101793993146544 0.4714774671990873 0.4485990727675872 0.47518539646320596 0.44386212457165897 0.47789503707929265 0.4460794194718807 0.48816314888762125 0.44728885305381977 0.4995721620079863 0.45172344285426325 0.5069880205362236 0.4521265873815763 0.5164004563605248 0.45504938520459587 0.519965772960639 0.4604918363233219 0.5208214489446663 0.46724450715581534 0.5246719908727895 0.4694618020560371 0.521534512264689 0.4692602297923806 0.5155447803764974
1 0.5369885103809716 0.5723046206503137 0.5371900826446281 0.5603251568739304 0.5350735738762347 0.5561893896177981 0.529832695021165 0.5541928123217341 0.5251965329570651 0.5541928123217341 0.5144124168514412 0.5651739874500855 0.5143116307196129 0.5661722760981175 0.5167304978834912 0.567313177410154 0.5203587986293086 0.5715915573302909 0.5299334811529933 0.5777239018824871 0.5342672848216086 0.5770108385624644 0.5369885103809716 0.5723046206503137
1 0.5488812739367063 0.5275242441528808 0.5444466841362628 0.5106959498003423 0.5403144527313042 0.5025670279520822 0.5378955855674259 0.5011409013120365 0.5336625680306389 0.5022818026240731 0.5293287643620238 0.5069880205362236 0.5281193307800847 0.5104107244723332 0.5277161862527716 0.5164004563605248 0.5283209030437411 0.5186822589845979 0.5372908687764564 0.5308043354249857 0.5432372505543237 0.5323730747290359 0.5467647651683128 0.5316600114090131 0.5488812739367063 0.5275242441528808
1 0.6004837734327757 0.5714489446662864 0.6014916347510583 0.5671705647461495 0.6006853456964322 0.5606103822019395 0.5986696230598669 0.554905875641757 0.5961499697641605 0.5510553337136338 0.592521669018343 0.5484883057615516 0.5880870792178996 0.5482030804335425 0.5856682120540214 0.549343981745579 0.5833501310219714 0.552624073017684 0.5821406974400323 0.5551911009697661 0.5817375529127192 0.559469480889903 0.5825438419673453 0.5668853394181403 0.5803265470671236 0.5768682258984598 0.5811328361217496 0.5782943525385055 0.5961499697641605 0.576155162578437 0.6004837734327757 0.5714489446662864
1 0.6117718201975408 0.6322019395322305 0.6131828260431365 0.6273531089560753 0.6135859705704495 0.6213633770678836 0.6119733924611973 0.6167997718197376 0.6080427333198952 0.6103822019395322 0.6040112880467647 0.6089560752994866 0.5981656924007257 0.6109526525955505 0.5966539004233018 0.6128066172276098 0.5960491836323322 0.6156588705077011 0.5962507558959887 0.6279235596120936 0.5968554726869583 0.6327723901882487 0.5987704091916952 0.6360524814603536 0.6045152187059061 0.6373359954363947 0.6076395887925822 0.6366229321163719 0.6117718201975408 0.6322019395322305
1 0.6221527917758516 0.6175128351397604 0.6252771618625277 0.6093839132915003 0.6254787341261843 0.6048203080433543 0.623059866962306 0.5905590416428979 0.6201370691392865 0.5881346263548203 0.6100584559564604 0.5912721049629207 0.6079419471880669 0.5939817455790074 0.6057246522878452 0.6013976041072447 0.6057246522878452 0.6102395892755277 0.6120741785930256 0.6186537364517969 0.6166095545252973 0.619937250427838 0.6195323523483168 0.6195094124358242 0.6221527917758516 0.6175128351397604
1 0.6446280991735537 0.626497432972048 0.6464422495464625 0.6179406731317741 0.6462406772828059 0.6128066172276098 0.6431163071961298 0.6012549914432401 0.6348518443862124 0.600969766115231 0.6318282604313646 0.6032515687393041 0.6258818786534973 0.6128066172276098 0.6250755895988712 0.6159440958357102 0.6256803063898407 0.6205077010838562 0.6272928844990929 0.6256417569880205 0.6312235436403951 0.6312036508841985 0.6352549889135255 0.6334854535082716 0.6399919371094538 0.633342840844267 0.6432170933279581 0.6302053622361665 0.6446280991735537 0.626497432972048
1 0.695424309614997 0.5828579577866515 0.6928038701874623 0.5720193953223046 0.6896795001007862 0.5681688533941814 0.6856480548276557 0.567313177410154 0.6828260431364644 0.5681688533941814 0.6792985285224753 0.5717341699942955 0.6770812336222536 0.5771534512264689 0.6766780890949405 0.5831431831146606 0.6782906672041927 0.5871363377067884 0.6802056037089297 0.5892755276668569 0.6875629913323926 0.5905590416428979 0.6922999395283209 0.5892755276668569 0.695424309614997 0.5828579577866515
1 0.6941140899012296 0.5396463205932687 0.6956258818786535 0.5375071306332002 0.6964321709332796 0.5320878494010268 0.6934085869784318 0.5246719908727895 0.6897802862326143 0.510125499144324 0.6858496270913123 0.5068454078722191 0.683430759927434 0.5082715345122647 0.6823221124773231 0.5104107244723332 0.6797016730497883 0.521534512264689 0.6788953839951622 0.5329435253850542 0.6806087482362427 0.5390758699372504 0.6830276154001209 0.5410724472333143 0.6869582745414231 0.5417855105533371 0.6900826446280992 0.5416428978893326 0.6941140899012296 0.5396463205932687
1 0.6160048377343278 0.5243867655447804 0.6174158435799234 0.516970907016543 0.6176174158435799 0.5106959498003423 0.6158032654706712 0.4990017113519681 0.6116710340657125 0.4980034227039361 0.6039105019149366 0.5058471192241871 0.6014916347510583 0.5166856816885339 0.6020963515420278 0.521534512264689 0.6040112880467647 0.5259555048488306 0.6076395887925822 0.5285225328009128 0.6123765369885104 0.5286651454649173 0.6144930457569039 0.5273816314888762 0.6160048377343278 0.5243867655447804
1 0.5589598871195324 0.47760981175128353 0.5591614593831888 0.47162007986309185 0.5571457367466237 0.46563034797490016 0.5554323725055432 0.4632059326868226 0.5530135053416649 0.46177980604677693 0.5491836323321911 0.46263548203080435 0.545252973190889 0.46762692527096406 0.5426325337633542 0.4730462065031375 0.541423100181415 0.47703936109526524 0.5416246724450715 0.4807472903593839 0.5427333198951825 0.48288648031945236 0.5528119330780085 0.48716486023958927 0.5545252973190888 0.4870222475755847 0.5571457367466237 0.48588134626354823 0.5589598871195324 0.47760981175128353
1 0.5589598871195324 0.47760981175128353 0.5591614593831888 0.47162007986309185 0.5571457367466237 0.46563034797490016 0.5550292279782302 0.46292070735881347 0.5536182221326346 0.4620650313747861 0.5491836323321911 0.46263548203080435 0.545252973190889 0.46762692527096406 0.5424309614996976 0.47361665715915574 0.541423100181415 0.47703936109526524 0.5416246724450715 0.4807472903593839 0.5427333198951825 0.48288648031945236 0.5528119330780085 0.48716486023958927 0.5545252973190888 0.4870222475755847 0.5571457367466237 0.48588134626354823 0.5589598871195324 0.47760981175128353
1 0.5478734126184237 0.4644894466628637 0.5486797016730498 0.4604962920707359 0.5482765571457368 0.44965772960638906 0.5458576899818585 0.438248716486024 0.5451521870590607 0.43639475185396465 0.5425317476315259 0.43582430119794635 0.5413223140495868 0.43582430119794635 0.5301350534166499 0.45193953223046207 0.5289256198347108 0.45507701083856245 0.5293287643620238 0.46135196805476325 0.5316468453940738 0.4652025099828865 0.5372908687764564 0.4697661152310325 0.541423100181415 0.4707644038790645 0.5443458980044346 0.4694808899030234 0.5478734126184237 0.4644894466628637
1 0.5494859907276759 0.4222760981175128 0.5492844184640193 0.41628636622932114 0.546059262245515 0.40345122646891046 0.5448498286635759 0.40031374786081003 0.5423301753678694 0.39760410724472334 0.5372908687764564 0.39788933257273246 0.5350735738762347 0.39960068454078723 0.531747631525902 0.40487735310895606 0.5311429147349325 0.4120079863091843 0.5333602096351542 0.41714204221334855 0.5378955855674259 0.4235596120935539 0.5413223140495868 0.4272675413576726 0.5454545454545454 0.4285510553337136 0.5486797016730498 0.4262692527096406 0.5494859907276759 0.4222760981175128
1 0.5043338036686152 0.38662293211637194 0.5053416649868978 0.3840559041642898 0.5053416649868978 0.37721049629207076 0.5045353759322717 0.37407301768397033 0.5014110058455956 0.36936679977181974 0.49858899415440433 0.3670849971477467 0.4939528320903044 0.3662293211637193 0.4911308203991131 0.3687963491158015 0.48921588389437615 0.37293211637193385 0.48639387220318486 0.39517969195664576 0.48790566418060877 0.39760410724472334 0.49042531747631524 0.3977467199087279 0.5008062890546261 0.3907586993725043 0.5043338036686152 0.38662293211637194
1 0.4579721830276154 0.3832002281802624 0.45918161660955453 0.377780946948089 0.458980044345898 0.36694238448374217 0.45545252973190886 0.36109526525955504 0.45121951219512196 0.3608100399315459 0.4429550493852046 0.36337706788362806 0.4335819391251764 0.3717912150598973 0.43438822817980244 0.3746434683399886 0.4391251763757307 0.3804905875641757 0.4498085063495263 0.38733599543639474 0.4521265873815763 0.3877638334284084 0.45504938520459587 0.38733599543639474 0.4579721830276154 0.3832002281802624
1 0.47772626486595443 0.36836851112378777 0.4793388429752066 0.3629492298916144 0.4799435597661762 0.34070165430690247 0.47863334005240876 0.33685111237877924 0.4746018947792784 0.3379920136908157 0.46593428744204796 0.3448374215630348 0.4611973392461197 0.3538220193953223 0.46018947792783715 0.3609526525955505 0.46139891150977624 0.3655162578436965 0.46653900423301753 0.3707929264118654 0.4701673049788349 0.3725042783799201 0.473291675065511 0.37236166571591556 0.47540818383390443 0.37164860239589276 0.47772626486595443 0.36836851112378777
1 0.4646240677282806 0.3432686822589846 0.4654303567829067 0.33984597832287505 0.46522878451925015 0.33357102110667425 0.46291070348720015 0.32857957786651454 0.4596855472686958 0.32686822589845976 0.45504938520459587 0.32743867655447806 0.45121951219512196 0.3302909298345693 0.44567627494456763 0.3387050770108386 0.44486998588994153 0.34269823160296636 0.44567627494456763 0.3495436394751854 0.44718806692199153 0.35139760410724474 0.4523281596452328 0.3515402167712493 0.4596855472686958 0.34911580148317173 0.4646240677282806 0.3432686822589846
1 0.4801451320298327 0.30533371363377065 0.4791372707115501 0.3004848830576155 0.47641604515218705 0.29406731317741014 0.4746018947792784 0.29264118653736454 0.4707720217698045 0.29292641186537366 0.4671437210239871 0.2954934398174558 0.4634146341463415 0.3001996577296064 0.46220520056440234 0.30504848830576153 0.4626083450917154 0.3076155162578437 0.46422092320096753 0.3118938961779806 0.4707720217698045 0.32116371933827725 0.47823019552509577 0.3291500285225328 0.4791372707115501 0.3290074158585282 0.4811529933481153 0.3275812892184826 0.4801451320298327 0.30533371363377065
1 0.5337633541624672 0.2990587564175699 0.5353759322717194 0.2942099258414147 0.5345696432170933 0.28964632059326867 0.5278169723845999 0.2829435253850542 0.5211650876839347 0.2795208214489447 0.5177383592017738 0.2789503707929264 0.5154202781697238 0.2825156873930405 0.5176375730699456 0.29991443240159726 0.5205603708929651 0.30547632629777527 0.5257004636162064 0.3067598402738163 0.5294295504938521 0.30547632629777527 0.5337633541624672 0.2990587564175699
1 0.5739770207619431 0.3166001140901312 0.575488812739367 0.3107529948659441 0.5720620842572062 0.29991443240159726 0.5685345696432171 0.2954934398174558 0.5640999798427736 0.29435253850541926 0.5606732513606127 0.2957786651454649 0.5577504535375932 0.29991443240159726 0.5555331586373715 0.31132344552196234 0.5574480951421085 0.3166001140901312 0.5608748236242693 0.31888191671420424 0.5662164886111671 0.3193097547062179 0.5689377141705302 0.31916714204221336 0.5739770207619431 0.3166001140901312
1 0.6579318685748841 0.474187107815174 0.6589397298931667 0.46933827723901883 0.6589397298931667 0.46420422133485456 0.6580326547067123 0.46063890473474045 0.6542027816972384 0.45864232743867656 0.649365047369482 0.45864232743867656 0.6431163071961298 0.4614945807187678 0.6395887925821407 0.4662007986309184 0.6387825035275146 0.4721905305191101 0.6403950816367667 0.47875071306332 0.6431163071961298 0.4834569309754706 0.6482563999193711 0.4847404449515117 0.6531949203789559 0.4823160296634341 0.6579318685748841 0.474187107815174
1 0.6672041927030841 0.43397033656588707 0.6686151985486797 0.42741015402167715 0.6676073372303971 0.42484312606959496 0.6616609554525298 0.4172846548773531 0.6572263656520863 0.41414717626925274 0.6542027816972384 0.4132915002852253 0.6511791977423906 0.414717626925271 0.6486595444466842 0.41828294352538503 0.6472485386010884 0.4222760981175128 0.6464422495464625 0.42912150598973187 0.647046966337432 0.43482601254991443 0.6487603305785123 0.43867655447803766 0.6509776254787342 0.44010268111808326 0.6551098568836928 0.4402452937820879 0.6652892561983471 0.437250427837992 0.6672041927030841 0.43397033656588707
1 0.6750655109856883 0.4713348545350827 0.6776859504132231 0.4662007986309184 0.6784922394678492 0.4604962920707359 0.6695222737351341 0.455219623502567 0.6628703890344688 0.4549343981745579 0.6593428744204798 0.4604962920707359 0.6589397298931667 0.4670564746149458 0.6599475912114493 0.47162007986309185 0.6632735335617819 0.47661152310325156 0.6674057649667405 0.47818026240730177 0.6705301350534166 0.47718197375926985 0.6750655109856883 0.4713348545350827
1 0.7139689578713969 0.49358243011979464 0.7155815359806491 0.4887335995436395 0.7159846805079622 0.48217341699942956 0.714775246926023 0.4773245864232744 0.7112477323120339 0.4717626925270964 0.7058052811933078 0.46919566457501427 0.7009675468655513 0.4717626925270964 0.6990526103608143 0.47760981175128353 0.6998588994154404 0.48816314888762125 0.701269905261036 0.4930119794637764 0.703184841765773 0.4960068454078722 0.7063092118524491 0.49786081003993155 0.7100382987300947 0.49743297204791787 0.7139689578713969 0.49358243011979464
1 0.7071155009070752 0.4222760981175128 0.7067123563797622 0.41628636622932114 0.7048982060068535 0.4120079863091843 0.7017738359201774 0.40758699372504276 0.6969361015924209 0.4044495151169424 0.6900826446280992 0.40416428978893326 0.6866559161459383 0.4064460924130063 0.6841362628502318 0.4120079863091843 0.6839346905865753 0.41628636622932114 0.6853456964321709 0.4208499714774672 0.6878653497278775 0.4244152880775813 0.6943156621648862 0.4298345693097547 0.6988510380971579 0.4302624073017684 0.7043942753477122 0.4275527666856817 0.7071155009070752 0.4222760981175128
1 0.8000403144527313 0.44366799771819737 0.7975206611570248 0.4392470051340559 0.7846200362830075 0.4292641186537364 0.780588591009877 0.4278379920136908 0.7759524289457771 0.4292641186537364 0.7738359201773836 0.4325442099258414 0.7730296311227575 0.43739304050199657 0.7740374924410401 0.4439532230462065 0.7765571457367466 0.4475185396463206 0.7799838742189075 0.4498003422703936 0.7873412618423705 0.4505134055904164 0.7983269502116509 0.4472333143183115 0.8000403144527313 0.44366799771819737
1 0.8183833904454747 0.4385339418140331 0.8193912517637573 0.43397033656588707 0.8189881072364442 0.42683970336565885 0.8179802459181617 0.42341699942954936 0.8158637371497682 0.4209925841414718 0.8082039911308204 0.416999429549344 0.8063898407579118 0.41386195094124356 0.8039709735940335 0.4127210496292071 0.802257609352953 0.4157159155733029 0.80185446482564 0.4219908727895037 0.7982261640798226 0.42712492869366797 0.7978230195525096 0.43482601254991443 0.7986293086071357 0.4379634911580148 0.8009473896391857 0.44181403308613804 0.8035678290667204 0.4432401597261837 0.8085063495263052 0.44338277239018825 0.8156621648861117 0.4415288077581289 0.8183833904454747 0.4385339418140331
1 0.8258415642007659 0.4105818596691386 0.826244708728079 0.4043069024529378 0.8256399919371095 0.40145464917284657 0.8233219109050595 0.3964632059326868 0.8207014714775247 0.3947518539646321 0.8084055633944769 0.3970336565887051 0.8062890546260835 0.4040216771249287 0.8066921991533965 0.4097261836851112 0.8089094940536182 0.4154306902452938 0.8116307196129813 0.41814033086138047 0.816569240072566 0.41913861950941245 0.8229187663777464 0.4161437535653166 0.8258415642007659 0.4105818596691386
1 0.8274541423100181 0.3883342840844267 0.8254384196734529 0.3837706788362807 0.8148558758314856 0.3702224757558471 0.8120338641402943 0.36737022247575585 0.8078008466035074 0.3662293211637193 0.8059866962305987 0.36765544780376497 0.8040717597258618 0.3715059897318882 0.8034670429348921 0.37835139760410724 0.8038701874622052 0.3883342840844267 0.8080024188671638 0.396748431260696 0.8121346502721225 0.39689104392470054 0.8207014714775247 0.3947518539646321 0.8274541423100181 0.3883342840844267
1 0.7823019552509575 0.3213063320022818 0.7839145333602097 0.31217912150598975 0.78330981656924 0.30533371363377065 0.780588591009877 0.3017683970336566 0.7773634347913727 0.30034227039361094 0.7731304172545858 0.29920136908157446 0.7688973997177988 0.3000570450656018 0.7655714573674662 0.30390758699372505 0.7645635960491837 0.3084711922418711 0.7645635960491837 0.312749572162008 0.7661761741584358 0.3210211066742727 0.7686958274541423 0.32515687393040504 0.7718201975408184 0.3272960638904735 0.7741382785728683 0.33314318311466057 0.7768595041322314 0.33357102110667425 0.7804878048780488 0.3272960638904735 0.7823019552509575 0.3213063320022818
1 0.8040717597258618 0.3190245293782088 0.8042733319895182 0.3107529948659441 0.8030638984075791 0.30504848830576153 0.8002418867163879 0.29791785510553337 0.7983269502116509 0.2952082144894467 0.7959080830477726 0.29406731317741014 0.7897601290062487 0.29991443240159726 0.7865349727877444 0.30533371363377065 0.7853255392058053 0.31132344552196234 0.7865349727877444 0.3167427267541358 0.7884499092924814 0.31916714204221336 0.794497077202177 0.32230462065031373 0.8004434589800443 0.3224472333143183 0.8023583954847813 0.3217341699942955 0.8040717597258618 0.3190245293782088
1 0.6738560774037492 0.32159155733029093 0.6742592219310622 0.31588705077010837 0.6728482160854666 0.3107529948659441 0.6693207014714775 0.3051911009697661 0.6614593831888732 0.30233884768967484 0.6588389437613384 0.3031945236737022 0.6569240072566015 0.30561893896177983 0.6557145736746623 0.3110382201939532 0.6557145736746623 0.3170279520821449 0.656722434992945 0.3224472333143183 0.6590405160249949 0.3260125499144324 0.6631727474299537 0.3270108385624643 0.6731505744809514 0.32258984597832285 0.6738560774037492 0.32159155733029093
1 0.6859504132231405 0.26083856246434683 0.6865551300141101 0.25770108385624646 0.6863535577504536 0.24828864803194522 0.6853456964321709 0.24429549343981746 0.6824228986091514 0.239874500855676 0.678794597863334 0.2378779235596121 0.6745615803265471 0.23873359954363949 0.6685144124168514 0.2452937820878494 0.6627696029026406 0.2480034227039361 0.6623664583753276 0.25085567598402736 0.6642813948800645 0.25413576725613235 0.6693207014714775 0.25841414717626926 0.6755694416448297 0.26640045636052484 0.6788953839951622 0.26739874500855676 0.6828260431364644 0.26611523103251566 0.6859504132231405 0.26083856246434683