4 0.2842168917556944 0.3290074158585282 0.2860310421286031 0.3170279520821449 0.28562789760129004 0.3124643468339989 0.2847208224148357 0.31061038220193954 0.28210038298730095 0.3097547062179121 0.27847208224148357 0.3120365088419852 0.2740374924410401 0.31602966343411293 0.2713162668816771 0.3210211066742727 0.2699052610360814 0.3270108385624643 0.270509977827051 0.33243011979463777 0.2722233420681314 0.33371363377067886 0.2753477121548075 0.3338562464346834 0.28210038298730095 0.3320022818026241 0.2842168917556944 0.3290074158585282
4 0.2563999193710945 0.5041357672561323 0.25508969965732714 0.49942954934398176 0.2526708324934489 0.4982886480319452 0.2510582543841967 0.4957216200798631 0.24722838137472283 0.49543639475185397 0.241483571860512 0.5007130633200229 0.24047571054222938 0.5047062179121506 0.2406772828058859 0.5095550484883058 0.24168514412416853 0.5135482030804336 0.2429953638379359 0.5151169423844837 0.2485386010884902 0.5152595550484883 0.25125982664785323 0.5139760410724472 0.2563999193710945 0.5041357672561323
4 0.35093731102600284 0.2565601825442099 0.3505341664986898 0.25 0.3474097964120137 0.24443810610382202 0.345192501511792 0.24272675413576725 0.34116105623866155 0.242156303479749 0.3372303970973594 0.2457216200798631 0.3364241080427333 0.2491443240159726 0.33662568030638984 0.25570450656018257 0.33833904454747027 0.2612664004563605 0.3452932876436202 0.2665430690245294 0.34932473291675065 0.26312036508841985 0.35093731102600284 0.2565601825442099
4 0.23019552509574684 0.5437820878494011 0.23059866962305986 0.536936679977182 0.22999395283209031 0.5343696520250998 0.2284821608546664 0.5328009127210497 0.2226365652086273 0.533656588705077 0.2205200564402338 0.5380775812892185 0.2205200564402338 0.5440673131774102 0.22172949002217296 0.5483456930975471 0.22364442652690988 0.5527666856816885 0.22555936303164684 0.552624073017684 0.22757508566821205 0.5523388476896749 0.23019552509574684 0.5437820878494011
4 0.2578109252166902 0.521534512264689 0.25902035879862934 0.518967484312607 0.25912114493045757 0.5159726183685112 0.2565007055029228 0.5151169423844837 0.2548881273936706 0.5131203650884198 0.25075589598871195 0.5138334284084427 0.24914331787945979 0.516970907016543 0.24894174561580326 0.5218197375926983 0.2510582543841967 0.5256702795208215 0.25277161862527714 0.5255276668568168 0.2548881273936706 0.5253850541928123 0.2578109252166902 0.521534512264689
4 0.2868373311832292 0.5497718197375927 0.2827050997782705 0.5467769537934969 0.2795807296915944 0.5494865944095836 0.27837129610965533 0.554905875641757 0.2794799435597662 0.5579007415858528 0.28260431364644223 0.5586138049058756 0.28744204797419876 0.554905875641757 0.2868373311832292 0.5497718197375927
4 0.3049788349123161 0.5500570450656018 0.3055835517032856 0.5437820878494011 0.3028623261439226 0.5396463205932687 0.2980245918161661 0.5376497432972048 0.29429550493852047 0.5440673131774102 0.2930860713565813 0.5497718197375927 0.29429550493852047 0.55718767826583 0.29560572465228785 0.5587564175698803 0.2985285224753074 0.5591842555618939 0.3035678290667204 0.5546206503137479 0.3049788349123161 0.5500570450656018
4 0.3489215883894376 0.5837136337706789 0.3497278774440637 0.5780091272104962 0.34932473291675065 0.5737307472903593 0.3482160854666398 0.5715915573302909 0.3459987905664181 0.5707358813462635 0.3393469058657529 0.5713063320022818 0.337835113888329 0.5760125499144324 0.3384398306792985 0.5854249857387336 0.34035476718403546 0.587564175698802 0.3436807095343681 0.5874215630347975 0.3459987905664181 0.5869937250427838 0.3489215883894376 0.5837136337706789
4 0.3579923402539811 0.5158300057045065 0.35839548478129407 0.5106959498003423 0.35688369280387017 0.5059897318881916 0.3492239467849224 0.5054192812321734 0.3450917153799637 0.5092698231602967 0.3450917153799637 0.5178265830005705 0.3491231606530941 0.5195379349686252 0.35265067526708327 0.5188248716486024 0.3579923402539811 0.5158300057045065
4 0.371900826446281 0.5049914432401598 0.3715984680507962 0.49942954934398176 0.36897802862326146 0.497718197375927 0.3647450110864745 0.4980034227039361 0.36051199354968755 0.49942954934398176 0.3573876234630115 0.5029948659440958 0.35698447893569846 0.5095550484883058 0.35849627091312236 0.5131203650884198 0.3611167103406571 0.5145464917284654 0.3731102600282201 0.5161152310325157 0.37048982060068536 0.512407301768397 0.371900826446281 0.5049914432401598
4 0.3856077403749244 0.5007130633200229 0.38802660753880264 0.48844837421563037 0.38651481556137873 0.4863091842555619 0.3834912316065309 0.4857387335995436 0.3764362023785527 0.4897318881916714 0.3737149768191897 0.49358243011979464 0.371900826446281 0.4995721620079863 0.374218907478331 0.5054192812321734 0.3766377746422092 0.50656018254421 0.3805684337835114 0.5064175698802054 0.3826849425519049 0.5057045065601825 0.3856077403749244 0.5007130633200229
4 0.39266276960290264 0.5195379349686252 0.39286434186655916 0.5138334284084427 0.3922596250755896 0.5089845978322876 0.3881273936706309 0.5071306332002282 0.3851038097157831 0.5085567598402738 0.3841967345293288 0.5109811751283514 0.386212457165894 0.5263833428408443 0.3886313243297722 0.5298060467769538 0.3910501914936505 0.5272390188248717 0.39266276960290264 0.5195379349686252
4 0.40253981052207216 0.4664860239589276 0.40314452731304173 0.4604962920707359 0.40153194920378954 0.45393610952652597 0.3983067929852852 0.44766115231032516 0.39619028421689173 0.4455219623502567 0.3887321104616005 0.4466628636622932 0.3858093126385809 0.4502281802624073 0.3841967345293288 0.45507701083856245 0.38399516226567226 0.46106674272675413 0.38500302358395483 0.4659155733029093 0.3887321104616005 0.4720479178551055 0.3931667002620439 0.4734740444951512 0.3968957871396896 0.4733314318311466 0.40002015722636564 0.4720479178551055 0.40253981052207216 0.4664860239589276
4 0.4035476718403548 0.42912150598973187 0.4027413827857287 0.4219908727895037 0.4004233017536787 0.4204221334854535 0.3973997177988309 0.42013690815744437 0.3937714170530135 0.42156303479749 0.3924611973392461 0.42655447803764973 0.3930659141302157 0.42883628066172275 0.39619028421689173 0.43211637193382774 0.4011288046764765 0.43282943525385054 0.4029429550493852 0.43111808328579576 0.4035476718403548 0.42912150598973187
4 0.3634347913727071 0.41115231032515687 0.3624269300544245 0.39945807187678267 0.3611167103406571 0.3961779806046777 0.3528522475307398 0.4004563605248146 0.3505341664986898 0.4043069024529378 0.34932473291675065 0.4100114090131204 0.34932473291675065 0.41628636622932114 0.350231808103205 0.41756988020536223 0.35365853658536583 0.4204221334854535 0.35819391251763755 0.4208499714774672 0.3612174964724854 0.4188533941814033 0.3634347913727071 0.41115231032515687
4 0.36887724249143317 0.4202795208214489 0.36746623664583755 0.411437535653166 0.364543438822818 0.40758699372504276 0.362225357790768 0.4102966343411295 0.3614190687361419 0.4177124928693668 0.36202378552711145 0.4217056474614946 0.36363636363636365 0.4239874500855676 0.36464422495464627 0.42769537934968627 0.3654505140092723 0.4279806046776954 0.3682725257004636 0.42655447803764973 0.36887724249143317 0.4202795208214489
4 0.3634347913727071 0.37207644038790644 0.3609151380770006 0.3687963491158015 0.35688369280387017 0.36765544780376497 0.3555734730901028 0.3717912150598973 0.3565813344083854 0.37835139760410724 0.3612174964724854 0.3797775242441529 0.36383793590002017 0.3774957216200799 0.3634347913727071 0.37207644038790644
4 0.371900826446281 0.3829150028522533 0.372303970973594 0.3774957216200799 0.36877645635960493 0.3707929264118654 0.36383793590002017 0.37863662293211636 0.3614190687361419 0.3883342840844267 0.36212457165893974 0.3904734740444952 0.36484579721830274 0.3914717626925271 0.3685748840959484 0.3887621220764404 0.371900826446281 0.3829150028522533
4 0.378855069542431 0.3784940102681118 0.3827857286837331 0.3749286936679977 0.3845998790566418 0.3675128351397604 0.3848014513202983 0.36066742726754136 0.3840959483975005 0.3585282373074729 0.38167708123362226 0.3573873359954364 0.37704091916952226 0.3582430119794638 0.37401733521467445 0.35995436394751856 0.37028824833702884 0.36466058185966915 0.3676678089094941 0.37207644038790644 0.3708929651279984 0.37635482030804335 0.37270711550090707 0.3814888762122076 0.374218907478331 0.37963491158014834 0.378855069542431 0.3784940102681118
4 0.36968353154605926 0.3492584141471763 0.36807095343680707 0.34412435824301196 0.3647450110864745 0.3397033656588705 0.36232614392259627 0.3402738163148888 0.3614190687361419 0.34469480889903026 0.3624269300544245 0.353251568739304 0.3690788147550897 0.3566742726754136 0.3698851038097158 0.3555333713633771 0.36968353154605926 0.3492584141471763
4 0.4194718806692199 0.46762692527096406 0.4200765974601895 0.4659155733029093 0.41937109453739163 0.4643468339988591 0.41654908284620035 0.46263548203080435 0.4119129207821004 0.4623502567027952 0.4089901229590808 0.4662007986309184 0.4085869784317678 0.4721905305191101 0.4094940536182221 0.47432972047917854 0.41201370691392863 0.4753280091272105 0.4147349324732917 0.4737592698231603 0.4194718806692199 0.46762692527096406
4 0.43317879459786335 0.5135482030804336 0.4329772223342068 0.5052766685681689 0.43086071356581335 0.5014261266400456 0.4274339850836525 0.5008556759840274 0.42400725660149163 0.5025670279520822 0.4182624470872808 0.5106959498003423 0.41937109453739163 0.5162578436965203 0.42773634347913725 0.5178265830005705 0.432271719411409 0.5162578436965203 0.43317879459786335 0.5135482030804336
4 0.46744607941947186 0.6133770678836281 0.4702680911106632 0.6105248146035368 0.46855472686958277 0.6049629207073588 0.46371699254182625 0.6012549914432401 0.4588792582140697 0.6003993154592128 0.4567627494456763 0.6051055333713634 0.4559564603910502 0.6173702224757558 0.45766982463213063 0.6206503137478608 0.46301148961902844 0.6213633770678836 0.4658335013102197 0.6187963491158015 0.46744607941947186 0.6133770678836281
4 0.28522475307397704 0.7596976611523103 0.2840153194920379 0.7554192812321734 0.28210038298730095 0.7524244152880776 0.27847208224148357 0.7512835139760411 0.2721225559363032 0.7605533371363377 0.27111469461802057 0.7659726183685112 0.2748437814956662 0.7723901882487165 0.27897601290062485 0.7731032515687393 0.2824027413827857 0.7693953223046206 0.28522475307397704 0.7596976611523103
4 0.32715178391453337 0.7055048488305762 0.32715178391453337 0.6929549343981746 0.32563999193710946 0.6888191671420422 0.32080225760935294 0.6896748431260696 0.3178794597863334 0.6938106103822019 0.3170731707317073 0.6978037649743297 0.3176778875226769 0.7060752994865944 0.3203991130820399 0.7099258414147176 0.32251562185043336 0.7103536794067313 0.32563999193710946 0.7090701654306902 0.32715178391453337 0.7055048488305762
4 0.38883289659342873 0.6829720479178552 0.3884297520661157 0.676126640045636 0.3849022374521266 0.6714204221334854 0.3832896593428744 0.6717056474614945 0.3817778673654505 0.6741300627495722 0.3804676476516831 0.6828294352538505 0.3787542834106027 0.6752709640616087 0.3752267687966136 0.6714204221334854 0.3715984680507962 0.6714204221334854 0.36645837532755493 0.6778379920136908 0.36565208627292883 0.6812606959498003 0.36645837532755493 0.6858243011979464 0.3722031848417658 0.6930975470621791 0.37784720822414836 0.6942384483742157 0.379661358597057 0.6936679977181974 0.3804676476516831 0.6916714204221335 0.3820802257609353 0.6939532230462065 0.3848014513202983 0.694095835710211 0.3884297520661157 0.6883913291500285 0.38883289659342873 0.6829720479178552
4 0.4029429550493852 0.7525670279520822 0.4037492441040113 0.7497147746719909 0.40334609957669826 0.7442954934398175 0.4006248740173352 0.7410154021677124 0.3955855674259222 0.7407301768397033 0.3887321104616005 0.7438676554478038 0.384297520661157 0.7432972047917855 0.38218101189276354 0.7451511694238449 0.38137472283813745 0.7525670279520822 0.38298730094738964 0.7582715345122647 0.3857085265067527 0.7609811751283514 0.39266276960290264 0.7619794637763834 0.3969965732715178 0.7604107244723332 0.4029429550493852 0.7525670279520822
4 0.43237250554323725 0.8081859669138619 0.4327756500705503 0.8036223616657159 0.4317677887522677 0.7982030804335425 0.4284418464019351 0.7929264118653736 0.42340253981052206 0.7932116371933827 0.4192703084055634 0.7984883057615516 0.4194718806692199 0.8041928123217341 0.4254182624470873 0.8100399315459212 0.42854263253376335 0.8110382201939532 0.4314654303567829 0.8103251568739304 0.43237250554323725 0.8081859669138619
4 0.42773634347913725 0.7351682829435254 0.429953638379359 0.727467199087279 0.429953638379359 0.7223331431831147 0.42864341866559164 0.7204791785510554 0.41896795001007864 0.7150598973188819 0.41433178794597864 0.7147746719908727 0.4124168514412417 0.7160581859669138 0.41019955654101997 0.7214774671990872 0.4104011288046765 0.7271819737592699 0.4161459383188873 0.7381631488876212 0.420278169723846 0.7403023388476897 0.4256198347107438 0.7384483742156304 0.42773634347913725 0.7351682829435254
4 0.42773634347913725 0.7351682829435254 0.4289457770610764 0.732030804335425 0.429953638379359 0.7229035938391329 0.43136464422495463 0.7183399885909869 0.4309614996976416 0.7055048488305762 0.42874420479741987 0.7000855675984028 0.4268292682926829 0.6982316029663435 0.42320096754686554 0.6979463776383343 0.41987502519653297 0.6995151169423844 0.41967345293287645 0.7049343981745579 0.42269703688772425 0.7103536794067313 0.4237048982060069 0.7174843126069596 0.4215883894376134 0.7156303479749002 0.4149365047369482 0.7147746719908727 0.4118121346502721 0.7174843126069596 0.4104011288046765 0.7214774671990872 0.4104011288046765 0.7271819737592699 0.415642007659746 0.7374500855675984 0.41816166095545254 0.7395892755276668 0.42068131425115907 0.7400171135196806 0.42400725660149163 0.7393040501996577 0.42773634347913725 0.7351682829435254
4 0.4678492239467849 0.745436394751854 0.4694618020560371 0.7380205362236166 0.4666397903648458 0.7317455790074159 0.4588792582140697 0.7210496292070736 0.449304575690385 0.7328864803194524 0.4484982866357589 0.7397318881916715 0.4491030034267285 0.7437250427837993 0.45222737351340453 0.7495721620079863 0.45484781294093934 0.7515687393040502 0.45938318887321106 0.7522818026240731 0.46532957065107844 0.7495721620079863 0.4678492239467849 0.745436394751854
4 0.47591211449304577 0.7596976611523103 0.47691997581132833 0.754563605248146 0.4746018947792784 0.746434683399886 0.4707720217698045 0.7472903593839133 0.4656319290465632 0.7548488305761551 0.46422092320096753 0.7608385624643468 0.46532957065107844 0.7629777524244152 0.46744607941947186 0.7636908157444381 0.47057044950614796 0.7635482030804336 0.47591211449304577 0.7596976611523103
4 0.4938520459584761 0.7502852253280091 0.4918363233219109 0.7405875641756988 0.48689780286232615 0.7324586423274386 0.4820600685345696 0.7327438676554479 0.4803467042934892 0.7348830576155163 0.4793388429752066 0.7383057615516257 0.482967143721024 0.74343981745579 0.4864946583350131 0.7521391899600685 0.49123160653094133 0.7534227039361096 0.49294497077202176 0.7524244152880776 0.4938520459584761 0.7502852253280091
4 0.5388026607538803 0.8070450656018254 0.5400120943358194 0.7990587564175698 0.5336625680306389 0.7932116371933827 0.5296311227575086 0.7929264118653736 0.5269098971981455 0.7990587564175698 0.5269098971981455 0.8047632629777525 0.5304374118121347 0.8117512835139761 0.5341664986897803 0.8136052481460354 0.5358798629308608 0.8126069594980034 0.5388026607538803 0.8070450656018254
4 0.5430356782906672 0.8407016543069025 0.5434388228179803 0.8372789503707929 0.5424309614996976 0.833000570450656 0.5412215279177586 0.8292926411865373 0.5395081636766781 0.8277239018824871 0.5372908687764564 0.8268682258984598 0.5324531344486999 0.8282943525385055 0.5296311227575086 0.8297204791785511 0.5269098971981455 0.8327153451226469 0.526708324934489 0.8387050770108385 0.5285224753073977 0.848687963491158 0.5335617818988108 0.8501140901312036 0.5385003023583955 0.8468339988590987 0.5430356782906672 0.8407016543069025
4 0.5619834710743802 0.6496006845407872 0.5619834710743802 0.6484597832287508 0.5609756097560976 0.6438961779806047 0.5528119330780085 0.6326297775242442 0.5493852045958476 0.6343411294922989 0.547571054222939 0.6377638334284085 0.5450514009272324 0.6399030233884769 0.5430356782906672 0.6436109526525956 0.5426325337633542 0.6493154592127781 0.545252973190889 0.658157444381061 0.5469663374319693 0.6611523103251569 0.5533158637371498 0.6627210496292071 0.5573473090102802 0.6550199657729606 0.5619834710743802 0.6496006845407872
4 0.5450514009272324 0.6655733029092984 0.546059262245515 0.660439247005134 0.5418262447087281 0.6473188819167142 0.5403144527313042 0.6454649172846548 0.5372908687764564 0.6443240159726183 0.5355775045353759 0.6467484312606959 0.5307397702076194 0.660439247005134 0.5301350534166499 0.6661437535653166 0.5352751461398911 0.6762692527096407 0.5385003023583955 0.6782658300057045 0.5416246724450715 0.6821163719338277 0.5450514009272324 0.6766970907016543 0.5450514009272324 0.6655733029092984
4 0.5329570651078411 0.67156303479749 0.5294295504938521 0.6654306902452938 0.523987099375126 0.6651454649172847 0.5203587986293086 0.6674272675413577 0.5176375730699456 0.6707073588134627 0.5176375730699456 0.6735596120935539 0.5186454343882282 0.6758414147176269 0.5223745212658738 0.6799771819737592 0.5253981052207216 0.6819737592698232 0.5297319088893369 0.6818311466058186 0.5329570651078411 0.6769823160296634 0.5329570651078411 0.67156303479749
4 0.5599677484378149 0.682686822589846 0.5637976214472888 0.666999429549344 0.5631929046563193 0.6610096976611524 0.5616811126788954 0.6588705077010839 0.5588591009877041 0.6588705077010839 0.5570449506147954 0.6617227609811751 0.5551300141100585 0.660439247005134 0.5567425922193107 0.6550199657729606 0.5608748236242693 0.6508841985168283 0.5615803265470671 0.6484597832287508 0.5601693207014715 0.6433257273245864 0.5530135053416649 0.6326297775242442 0.5493852045958476 0.6349115801483172 0.5453537593227172 0.6397604107244723 0.5426325337633542 0.6438961779806047 0.5413223140495868 0.6477467199087279 0.5380971578310825 0.6451796919566457 0.536786938117315 0.6456075299486594 0.5329570651078411 0.6547347404449515 0.5307397702076194 0.6658585282373075 0.5325539205805281 0.67156303479749 0.5407175972586172 0.6799771819737592 0.5435396089498085 0.685966913861951 0.5500907075186454 0.6892470051340559 0.5542229389236041 0.688533941814033 0.5599677484378149 0.682686822589846
4 0.5301350534166499 0.6764118653736452 0.5279177585164282 0.6721334854535083 0.5271114694618021 0.6678551055333714 0.5253981052207216 0.666001140901312 0.5204595847611369 0.6718482601254991 0.5217698044749043 0.677124928693668 0.5251965329570651 0.679406731317741 0.5271114694618021 0.6792641186537365 0.5292279782301955 0.6785510553337136 0.5301350534166499 0.6764118653736452
4 0.5601693207014715 0.6824015972618368 0.5621850433380366 0.6769823160296634 0.5644023382382584 0.6664289788933258 0.5635960491836324 0.6610096976611524 0.5614795404152388 0.6585852823730747 0.558455956460391 0.6585852823730747 0.5572465228784519 0.6605818596691386 0.5559363031646846 0.660439247005134 0.556137875428341 0.6547347404449515 0.5613787542834106 0.649030233884769 0.5599677484378149 0.6438961779806047 0.5530135053416649 0.6332002281802624 0.5493852045958476 0.6351968054763263 0.5424309614996976 0.6441814033086138 0.5413223140495868 0.6468910439247005 0.5369885103809716 0.644466628636623 0.5331586373714977 0.6538790644609241 0.5299334811529933 0.6661437535653166 0.5316468453940738 0.6734169994295494 0.5374924410401128 0.6774101540216771 0.5429348921588389 0.6853964632059327 0.5492844184640193 0.6901026811180833 0.5550292279782302 0.6882487164860239 0.5601693207014715 0.6824015972618368
4 0.5931263858093127 0.7042213348545351 0.5986696230598669 0.6992298916143753 0.5974601894779278 0.682686822589846 0.5957468252368474 0.6802624073017683 0.592521669018343 0.6785510553337136 0.5894980850634952 0.6805476326297776 0.5846603507357387 0.6862521391899601 0.5811328361217496 0.6935253850541928 0.5811328361217496 0.6995151169423844 0.5829469864946584 0.7046491728465488 0.5858697843176779 0.7082144894466629 0.5887925821406974 0.7086423274386765 0.5911106631727474 0.7073588134626355 0.5931263858093127 0.7042213348545351
4 0.5744809514210845 0.75 0.572767587180004 0.7481460353679407 0.5691392864341867 0.7487164860239589 0.5684337835113888 0.7522818026240731 0.5686353557750453 0.7602681118083285 0.5726668010481758 0.7605533371363377 0.5748840959483975 0.7548488305761551 0.5744809514210845 0.75
4 0.546059262245515 0.7816600114090131 0.5451521870590607 0.7789503707929264 0.5411207417859303 0.7786651454649173 0.5396089498085064 0.7805191100969766 0.5394073775448498 0.783656588705077 0.541423100181415 0.7853679406731318 0.5454545454545454 0.783656588705077 0.546059262245515 0.7816600114090131
4 0.6528925619834711 0.8213063320022818 0.6551098568836928 0.8153166001140901 0.6550090707518645 0.8100399315459212 0.6511791977423906 0.8097547062179121 0.635456561177182 0.822875071306332 0.6314251159040516 0.816029663434113 0.6272928844990929 0.8190245293782088 0.6262850231808104 0.8215915573302909 0.6274944567627494 0.8264403879064461 0.6312235436403951 0.829435253850542 0.6326345494859907 0.8325727324586423 0.6356581334408385 0.8354249857387336 0.6397903648457972 0.8369937250427838 0.6429147349324733 0.8351397604107245 0.6528925619834711 0.8213063320022818
4 0.5932271719411409 0.8712207644038791 0.5921185244910301 0.8667997718197376 0.5882886514815562 0.8673702224757558 0.5853658536585366 0.8720764403879064 0.5845595646039105 0.8786366229321164 0.5883894376133844 0.8797775242441529 0.5924208828865148 0.8772104962920707 0.5932271719411409 0.8712207644038791
4 0.5992743398508366 0.893468339988591 0.5981656924007257 0.8893325727324587 0.5951421084458779 0.8887621220764403 0.5922193106228583 0.8897604107244723 0.5916145938318887 0.893468339988591 0.5926224551501713 0.898031945236737 0.5961499697641605 0.897033656588705 0.5992743398508366 0.893468339988591
4 0.8195928240274138 0.8358528237307473 0.8174763152590203 0.8322875071306332 0.8126385809312638 0.8291500285225328 0.8086071356581335 0.8302909298345693 0.8037694013303769 0.8337136337706789 0.802257609352953 0.8361380490587564 0.80185446482564 0.8392755276668569 0.8042733319895182 0.8495436394751854 0.8069945575488813 0.851968054763263 0.8126385809312638 0.8531089560752995 0.8163676678089095 0.8566742726754136 0.8197943962910703 0.8558185966913862 0.8195928240274138 0.8358528237307473
4 0.7478330981656924 0.7885054192812322 0.7478330981656924 0.7816600114090131 0.7466236645837533 0.7765259555048488 0.7449103003426728 0.7738163148887621 0.7408788550695424 0.7712492869366799 0.7372505543237251 0.7706788362806617 0.7336222535779077 0.7721049629207074 0.7284821608546664 0.7785225328009128 0.7274742995363838 0.7816600114090131 0.7278774440636968 0.7842270393610953 0.7301955250957468 0.7883628066172276 0.7336222535779077 0.7917855105533371 0.7370489820600685 0.7940673131774102 0.7415843579923402 0.7944951511694238 0.7455150171336424 0.7932116371933827 0.7478330981656924 0.7885054192812322
4 0.7958072969159443 0.7654021677124929 0.7907679903245314 0.7548488305761551 0.7884499092924814 0.7524244152880776 0.7848216085466639 0.7524244152880776 0.7789760129006249 0.7547062179121506 0.7762547873412619 0.7602681118083285 0.7766579318685749 0.7682544209925841 0.7803870187462205 0.7746719908727895 0.7840153194920378 0.7772390188248717 0.7885506954243097 0.7773816314888762 0.79721830276154 0.7713918996006845 0.7958072969159443 0.7654021677124929
4 0.7859302559967748 0.7494295493439818 0.7867365450514009 0.7414432401597262 0.7857286837331183 0.7357387335995437 0.7844184640193509 0.7338847689674843 0.7767587180004032 0.7307472903593839 0.7725257004636162 0.7327438676554479 0.7700060471679097 0.7383057615516257 0.7694013303769401 0.7420136908157444 0.7702076194315662 0.7488590986879635 0.7765571457367466 0.753565316600114 0.7814956661963314 0.7537079292641187 0.7846200362830075 0.7521391899600685 0.7859302559967748 0.7494295493439818
4 0.7093327958072969 0.7511409013120365 0.7095343680709535 0.7437250427837993 0.7089296512799839 0.7414432401597262 0.7049989921386817 0.7353108956075299 0.6979439629107035 0.7287507130633201 0.6960290264059665 0.7308899030233885 0.6948195928240274 0.7371648602395893 0.6946180205603709 0.7445807187678266 0.695424309614997 0.7491443240159726 0.697742390647047 0.7527096406160867 0.7007659746018948 0.7549914432401598 0.705502922797823 0.7554192812321734 0.70741785930256 0.7547062179121506 0.7093327958072969 0.7511409013120365
4 0.7865349727877444 0.7288933257273246 0.772828058859101 0.7003707929264119 0.7688973997177988 0.6959498003422704 0.7648659544446684 0.6956645750142613 0.763958879258214 0.7003707929264119 0.7659746018947793 0.7083571021106674 0.7706107639588793 0.7160581859669138 0.7766579318685749 0.7288933257273246 0.779782301955251 0.7318881916714204 0.7844184640193509 0.7338847689674843 0.7887522676879661 0.734312606959498 0.7907679903245314 0.7326012549914432 0.7865349727877444 0.7288933257273246
4 0.8214069744003225 0.7154877353108956 0.8226164079822617 0.7112093553907587 0.8226164079822617 0.7052196235025671 0.8180810320499899 0.7010838562464347 0.8118322918766377 0.6993725042783799 0.8062890546260835 0.7072162007986309 0.8056843378351138 0.7106389047347405 0.8079016327353357 0.7177695379349687 0.8112275750856682 0.7216200798630918 0.8123362225357791 0.7217626925270965 0.8156621648861117 0.7210496292070736 0.8214069744003225 0.7154877353108956
4 0.8218101189276356 0.7157729606389047 0.8226164079822617 0.7049343981745579 0.8192904656319291 0.7013690815744438 0.8123362225357791 0.6992298916143753 0.8137472283813747 0.6980889903023388 0.8143519451723443 0.6955219623502567 0.8141503729086877 0.6923844837421563 0.8126385809312638 0.6899600684540788 0.8084055633944769 0.688533941814033 0.8041725458576899 0.6891043924700513 0.802660753880266 0.6912435824301197 0.8016528925619835 0.6952367370222475 0.8024591816166096 0.7046491728465488 0.8056843378351138 0.7089275527666857 0.8066921991533965 0.7160581859669138 0.8077000604716791 0.7180547632629778 0.8108244305583552 0.7213348545350827 0.8127393670630921 0.7217626925270965 0.8158637371497682 0.7213348545350827 0.8218101189276356 0.7157729606389047
4 0.7966135859705704 0.6655733029092984 0.7945978633340053 0.6610096976611524 0.7920782100382987 0.6580148317170564 0.7890546260834509 0.65687393040502 0.7844184640193509 0.6574443810610382 0.7808909494053619 0.660439247005134 0.7786736545051401 0.6664289788933258 0.7835113888328966 0.6758414147176269 0.7851239669421488 0.6809754706217912 0.7885506954243097 0.682686822589846 0.7960088691796009 0.6718482601254991 0.7966135859705704 0.6655733029092984
4 0.8403547671840355 0.660439247005134 0.8313848014513203 0.6548773531089561 0.8295706510784117 0.6557330290929835 0.8280588591009878 0.6601540216771249 0.8292682926829268 0.6638619509412436 0.8354162467244507 0.6697090701654307 0.8393469058657529 0.6709925841414718 0.8407579117113485 0.6664289788933258 0.8403547671840355 0.660439247005134
4 0.9176577302963113 0.6306332002281803 0.9189679500100786 0.6270678836280662 0.9170530135053416 0.6257843696520251 0.9079822616407982 0.6272104962920707 0.9072767587180004 0.6327723901882487 0.9100987704091917 0.6350541928123218 0.9132231404958677 0.6340559041642898 0.9176577302963113 0.6306332002281803
4 0.8183833904454747 0.6156588705077011 0.8177786736545052 0.6105248146035368 0.8159645232815964 0.6048203080433543 0.8116307196129813 0.6023958927552767 0.8079016327353357 0.6051055333713634 0.8064906268897399 0.611095265259555 0.8079016327353357 0.6185111237877924 0.8121346502721225 0.6210781517398745 0.8156621648861117 0.6192241871078151 0.8183833904454747 0.6156588705077011
4 0.7645635960491837 0.6601540216771249 0.7589195726668011 0.6416143753565317 0.7560975609756098 0.622219053051911 0.7529731908889337 0.6197946377638335 0.7516629711751663 0.6227895037079293 0.7516629711751663 0.6339132915002852 0.753880266075388 0.6447518539646321 0.7548881273936706 0.6550199657729606 0.7576093529530337 0.6605818596691386 0.7606329369078815 0.6640045636052482 0.7625478734126184 0.6638619509412436 0.7643620237855271 0.662435824301198 0.7645635960491837 0.6601540216771249
4 0.7334206813142512 0.652595550484883 0.7335214674460794 0.6478893325727325 0.729893166700262 0.6456075299486594 0.7296915944366055 0.637906446092413 0.727575085668212 0.634626354820308 0.7217294900221729 0.6309184255561894 0.717899617012699 0.6320593268682259 0.7151783914533361 0.6381916714204221 0.7155815359806491 0.6438961779806047 0.7213263454948599 0.6528807758128922 0.7260632936907881 0.655875641756988 0.7293892360411207 0.6514546491728466 0.7334206813142512 0.652595550484883
4 0.7173956863535578 0.6096691386195094 0.7131626688167708 0.5971192241871078 0.7098367264664383 0.5949800342270394 0.7053013505341665 0.6053907586993725 0.7046966337431969 0.6113804905875642 0.705906067325136 0.6170849971477467 0.70741785930256 0.6195094124358242 0.7096351542027817 0.6212207644038791 0.7139689578713969 0.6216486023958927 0.7171941140899012 0.6165145464917284 0.7173956863535578 0.6096691386195094
4 0.738359201773836 0.5994010268111808 0.7379560572465229 0.5971192241871078 0.7372505543237251 0.5952652595550485 0.7253577907679903 0.5924130062749572 0.7237452126587381 0.5935539075869938 0.7226365652086273 0.5959783228750714 0.7220318484176578 0.6056759840273817 0.7249546462406773 0.6086708499714775 0.729893166700262 0.6085282373074729 0.7358395484781294 0.605533371363377 0.738359201773836 0.5994010268111808
4 0.8169723845998791 0.5472047917855105 0.8177786736545052 0.5440673131774102 0.8171739568635356 0.5383628066172276 0.814251159040516 0.5328009127210497 0.8078008466035074 0.5279520821448944 0.8037694013303769 0.5270964061608671 0.8002418867163879 0.5326583000570451 0.7992340253981052 0.5383628066172276 0.8047772626486596 0.5473474044495151 0.8094134247127596 0.5513405590416429 0.8123362225357791 0.5523388476896749 0.8154605926224552 0.5504848830576156 0.8169723845998791 0.5472047917855105
4 0.8112275750856682 0.5684540787221906 0.8077000604716791 0.5674557900741586 0.8062890546260835 0.5714489446662864 0.8071961298125377 0.5764403879064461 0.8106228582946986 0.5775812892184826 0.8157629510179399 0.577438676554478 0.8146543035678291 0.5715915573302909 0.8112275750856682 0.5684540787221906
4 0.88933682725257 0.518967484312607 0.8899415440435396 0.5155447803764974 0.8885305381979439 0.5109811751283514 0.881173150574481 0.5051340559041643 0.8787542834106027 0.5042783799201369 0.8767385607740374 0.5051340559041643 0.8752267687966135 0.5104107244723332 0.8756299133239266 0.5158300057045065 0.8807700060471679 0.5216771249286937 0.8844990929248135 0.5221049629207074 0.88701874622052 0.5216771249286937 0.88933682725257 0.518967484312607
4 0.7621447288853054 0.516970907016543 0.7608345091715379 0.50656018254421 0.7570046361620641 0.50656018254421 0.7510582543841967 0.5109811751283514 0.7504535375932272 0.5201083856246435 0.7510582543841967 0.5238163148887621 0.7533763354162467 0.5256702795208215 0.7575085668212054 0.525812892184826 0.7603305785123967 0.5229606389047348 0.7621447288853054 0.516970907016543
4 0.8024591816166096 0.4710496292070736 0.8016528925619835 0.46848260125499147 0.8001411005845596 0.466343411294923 0.7957065107841161 0.46662863662293214 0.7938923604112074 0.4677695379349686 0.7919774239064705 0.4710496292070736 0.7927837129610965 0.4773245864232744 0.7963112275750857 0.4811751283513976 0.8002418867163879 0.48131774101540215 0.802257609352953 0.47760981175128353 0.8024591816166096 0.4710496292070736
4 0.7958072969159443 0.4105818596691386 0.7920782100382987 0.4004563605248146 0.787542834106027 0.4051625784369652 0.7857286837331183 0.41086708499714775 0.7892561983471075 0.41642897889332575 0.7931868574884096 0.4179977181973759 0.7960088691796009 0.41628636622932114 0.7958072969159443 0.4105818596691386
4 0.7937915742793792 0.39689104392470054 0.7998387421890748 0.38861950941243584 0.80185446482564 0.3829150028522533 0.8007458173755291 0.3802053622361666 0.8001411005845596 0.37992013690815746 0.7928844990929248 0.3904734740444952 0.7872404757105422 0.39560752994865944 0.7786736545051401 0.40088419851682827 0.777867365450514 0.40544780376497436 0.7788752267687966 0.4074443810610382 0.7803870187462205 0.40958357102110665 0.7847208224148358 0.4097261836851112 0.7918766377746422 0.401312036508842 0.7937915742793792 0.39689104392470054
4 0.806893771417053 0.3954649172846549 0.8063898407579118 0.3941814033086138 0.7999395283209031 0.3904734740444952 0.7976214472888531 0.3940387906446092 0.7999395283209031 0.39988590986879635 0.8044749042531748 0.40345122646891046 0.8070953436807096 0.40031374786081003 0.806893771417053 0.3954649172846549
4 0.78794597863334 0.3444095835710211 0.7874420479741987 0.34341129492298916 0.7807901632735336 0.3405590416428979 0.7783712961096553 0.34084426697090703 0.7765571457367466 0.3425556189389618 0.7727272727272727 0.34084426697090703 0.7688973997177988 0.336280661722761 0.7665793186857488 0.33813462635482033 0.7637573069945576 0.3492584141471763 0.7643620237855271 0.3526811180832858 0.7656722434992945 0.3545350827153451 0.7686958274541423 0.35681688533941813 0.7765571457367466 0.35710211066742725 0.7803870187462205 0.35881346263548203 0.7845192501511792 0.3589560752994866 0.7855271114694617 0.3495436394751854 0.78794597863334 0.3444095835710211
4 0.8102197137673857 0.41443240159726186 0.8118322918766377 0.41386195094124356 0.8145535174360008 0.4105818596691386 0.8134448699858899 0.4064460924130063 0.8118322918766377 0.40587564175698804 0.8084055633944769 0.41243582430119796 0.8041725458576899 0.414717626925271 0.8036686151985487 0.416001140901312 0.8039709735940335 0.416999429549344 0.8083047772626487 0.41685681688533943 0.809614996976416 0.41642897889332575 0.8102197137673857 0.41443240159726186
4 0.7482362426930055 0.45507701083856245 0.7482362426930055 0.4485168282943525 0.746522878451925 0.44381061038220193 0.7412819995968555 0.44038790644609244 0.7372505543237251 0.44067313177410156 0.7361419068736141 0.44281232173417 0.7351340455553316 0.4490872789503708 0.7355371900826446 0.45536223616657157 0.737653698851038 0.4580718767826583 0.7415843579923402 0.45935539075869936 0.7453134448699859 0.45864232743867656 0.7482362426930055 0.45507701083856245
4 0.7329167506551099 0.456217912150599 0.7339246119733924 0.44566457501426127 0.7335214674460794 0.4385339418140331 0.7297923805684338 0.437250427837992 0.7253577907679903 0.4375356531660011 0.7216287038903447 0.44138619509412436 0.720620842572062 0.44965772960638906 0.7231404958677686 0.4555048488305762 0.7296915944366055 0.45992584141471765 0.7316065309413424 0.4592127780946948 0.7329167506551099 0.456217912150599
4 0.7100382987300947 0.4275527666856817 0.7113485184438622 0.42455790074158584 0.7121548074984883 0.41628636622932114 0.7096351542027817 0.4112949229891614 0.7054021366659947 0.4107244723331432 0.70278169723846 0.41215059897318884 0.6980447490425318 0.4208499714774672 0.6986494658335013 0.42741015402167715 0.7021769804474904 0.43011979463776384 0.7034872001612578 0.4299771819737593 0.7076194315662165 0.4292641186537364 0.7100382987300947 0.4275527666856817
4 0.710139084861923 0.45193953223046207 0.7113485184438622 0.44965772960638906 0.7111469461802056 0.4442384483742156 0.7102398709937513 0.44295493439817457 0.7054021366659947 0.4415288077581289 0.700866760733723 0.4442384483742156 0.699657327151784 0.4490872789503708 0.6998588994154404 0.4525099828864803 0.7009675468655513 0.4555048488305762 0.7028824833702882 0.45593268682258986 0.7066115702479339 0.4549343981745579 0.710139084861923 0.45193953223046207
4 0.7223342068131425 0.42070735881346266 0.71900826446281 0.42741015402167715 0.7219310622858295 0.43211637193382774 0.7256601491634751 0.4345407872219053 0.7255593630316468 0.41985168282943525 0.7223342068131425 0.42070735881346266
4 0.7212255593630317 0.4217056474614946 0.7222334206813142 0.41685681688533943 0.7217294900221729 0.4150028522532801 0.7174964724853861 0.4161437535653166 0.7132634549485991 0.4189960068454079 0.7111469461802056 0.4219908727895037 0.7128603104212861 0.4252709640616087 0.7167909695625881 0.42541357672561325 0.718302761540012 0.4249857387335995 0.7212255593630317 0.4217056474614946
4 0.710139084861923 0.45193953223046207 0.7113485184438622 0.44965772960638906 0.7111469461802056 0.4442384483742156 0.7102398709937513 0.44295493439817457 0.7054021366659947 0.4415288077581289 0.700866760733723 0.4442384483742156 0.699657327151784 0.4490872789503708 0.6998588994154404 0.4525099828864803 0.7005644023382382 0.455219623502567 0.7028824833702882 0.45593268682258986 0.7066115702479339 0.4549343981745579 0.710139084861923 0.45193953223046207
4 0.6940133037694013 0.49386765544780376 0.6912920782100384 0.4897318881916714 0.6864543438822818 0.4897318881916714 0.6845394073775448 0.49386765544780376 0.6847409796412014 0.5015687393040502 0.6864543438822818 0.5042783799201369 0.6905865752872404 0.5047062179121506 0.6932070147147752 0.500998288648032 0.6940133037694013 0.49386765544780376
4 0.6825236847409797 0.5298060467769538 0.6785930255996775 0.5288077581289219 0.6778875226768797 0.5320878494010268 0.6780890949405362 0.5386480319452367 0.6796008869179601 0.5402167712492869 0.6829268292682927 0.5406446092413006 0.6849425519048579 0.5380775812892185 0.6825236847409797 0.5298060467769538
4 0.6708324934489014 0.601968054763263 0.6718403547671841 0.588562464346834 0.6707317073170732 0.5867084997147747 0.6650876839346905 0.5881346263548203 0.6561177182019754 0.5939817455790074 0.6565208627292884 0.599971477467199 0.6582342269703689 0.6035367940673132 0.6628703890344688 0.6066742726754136 0.666801048175771 0.606531660011409 0.669119129207821 0.6049629207073588 0.6708324934489014 0.601968054763263
4 0.6378754283410603 0.5108385624643468 0.6383793590002016 0.5049914432401598 0.6360612779681516 0.49942954934398176 0.6312235436403951 0.49657729606389045 0.6278976012900624 0.4987164860239589 0.6266881677081234 0.5049914432401598 0.6274944567627494 0.5109811751283514 0.6319290465631929 0.5126925270964061 0.6356581334408385 0.5122646891043925 0.6378754283410603 0.5108385624643468
4 0.5887925821406974 0.5831431831146606 0.5885910098770409 0.5771534512264689 0.5871800040314453 0.5714489446662864 0.5844587784720823 0.5670279520821448 0.5808304777262648 0.5670279520821448 0.5764966740576497 0.5768682258984598 0.5762951017939931 0.5862806617227609 0.5798226164079823 0.5909868796349116 0.5845595646039105 0.5914147176269253 0.5877847208224148 0.5877067883628067 0.5887925821406974 0.5831431831146606
4 0.5581535980649063 0.5717341699942955 0.5565410199556541 0.5651739874500855 0.5536182221326346 0.5627495721620079 0.5520056440233824 0.5627495721620079 0.5492844184640193 0.5646035367940673 0.5478734126184237 0.5714489446662864 0.5430356782906672 0.5777239018824871 0.5422293892360411 0.5828579577866515 0.5443458980044346 0.5841414717626925 0.5533158637371498 0.5845693097547062 0.5569441644829671 0.5788648031945237 0.5581535980649063 0.5717341699942955
4 0.5825438419673453 0.5437820878494011 0.5823422697036887 0.5383628066172276 0.5766982463213062 0.5243867655447804 0.572767587180004 0.5239589275527667 0.5694416448296714 0.5332287507130633 0.5690385003023584 0.5443525385054193 0.5709534368070953 0.5496292070735881 0.5773029631122758 0.5514831717056474 0.5809312638580931 0.5494865944095836 0.5825438419673453 0.5437820878494011
4 0.5984680507962105 0.5104107244723332 0.597157831082443 0.5082715345122647 0.591312235436404 0.50656018254421 0.5888933682725257 0.5074158585282373 0.5868776456359605 0.5096976611523103 0.5835517032856279 0.5106959498003423 0.5844587784720823 0.5162578436965203 0.5884902237452126 0.5208214489446663 0.5924208828865148 0.521534512264689 0.5974601894779278 0.5146891043924701 0.5984680507962105 0.5104107244723332
4 0.6145938318887321 0.5366514546491729 0.6145938318887321 0.530376497432972 0.6122757508566821 0.5282373074729035 0.6082443055835517 0.5296634341129492 0.6073372303970973 0.5323730747290359 0.6073372303970973 0.5383628066172276 0.6123765369885104 0.5389332572732458 0.6136867567022778 0.5385054192812322 0.6145938318887321 0.5366514546491729
4 0.6196331384801451 0.49244152880775816 0.6200362830074582 0.48787792355961207 0.6193307800846604 0.4863091842555619 0.6118726063293691 0.4840273816314889 0.6081435194517234 0.48588134626354823 0.6075388026607539 0.4890188248716486 0.6094537391654908 0.4937250427837992 0.6170126990526104 0.49472333143183117 0.6189276355573473 0.4940102681118083 0.6196331384801451 0.49244152880775816
4 0.5879862930860713 0.4890188248716486 0.5855674259221931 0.4830290929834569 0.5844587784720823 0.4814603536794067 0.5806289054626084 0.4823160296634341 0.5805281193307801 0.48844837421563037 0.5842572062084257 0.49315459212778096 0.5855674259221931 0.4930119794637764 0.5873815762951018 0.49158585282373074 0.5879862930860713 0.4890188248716486
4 0.6758718000403144 0.42940673131774104 0.6748639387220319 0.42313177410154024 0.673352146744608 0.42156303479749 0.6709332795807297 0.42070735881346266 0.6664986897802863 0.42156303479749 0.6583350131021971 0.42741015402167715 0.6589397298931667 0.4305476326297775 0.6612578109252167 0.4329720479178551 0.671437210239871 0.43596691386195097 0.6742592219310622 0.4342555618938962 0.6758718000403144 0.42940673131774104
4 0.6841362628502318 0.3883342840844267 0.6845394073775448 0.37664004563605247 0.6837331183229187 0.37207644038790644 0.6824228986091514 0.3710781517398745 0.6767788752267688 0.372219053051911 0.6728482160854666 0.3789218482601255 0.6726466438218102 0.3837706788362807 0.6742592219310622 0.39232743867655445 0.6757710139084862 0.39361095265259555 0.6788953839951622 0.3937535653166001 0.6814150372908688 0.39247005134055907 0.6841362628502318 0.3883342840844267
4 0.6734529328764361 0.38034797490017114 0.6721427131626688 0.3782087849401027 0.6667002620439427 0.3773531089560753 0.6649868978028624 0.3794922989161438 0.6637774642209232 0.3832002281802624 0.6633743196936102 0.3937535653166001 0.6664986897802863 0.3964632059326868 0.6708324934489014 0.39660581859669136 0.6744607941947188 0.3940387906446092 0.6734529328764361 0.38034797490017114
4 0.7109453739165491 0.36637193382772393 0.7103406571255795 0.36380490587564174 0.7084257206208425 0.3608100399315459 0.7062084257206208 0.35938391329150027 0.7029832695021165 0.3602395892755277 0.7022777665793187 0.3609526525955505 0.7024793388429752 0.36637193382772393 0.7056037089296513 0.3710781517398745 0.7065107841161056 0.3712207644038791 0.710139084861923 0.36893896177980606 0.7109453739165491 0.36637193382772393
4 0.6583350131021971 0.3558185966913862 0.6568232211247732 0.35282373074729034 0.6505744809514211 0.35082715345122645 0.647046966337432 0.35410724472333144 0.6461398911509776 0.36109526525955504 0.6509776254787342 0.3625213918996007 0.6555130014110059 0.36237877923559614 0.6585365853658537 0.36066742726754136 0.6583350131021971 0.3558185966913862
4 0.666397903648458 0.33357102110667425 0.666801048175771 0.3270108385624643 0.6657931868574885 0.3213063320022818 0.6629711751662971 0.3147461494580719 0.6576295101793993 0.3100399315459213 0.6546059262245515 0.30889903023388476 0.6502721225559362 0.3110382201939532 0.6494658335013103 0.3167427267541358 0.6506752670832493 0.32159155733029093 0.6504736948195928 0.3250142612664005 0.6482563999193711 0.333000570450656 0.6511791977423906 0.33884768967484313 0.6573271517839145 0.33984597832287505 0.664079822616408 0.3374215630347975 0.666397903648458 0.33357102110667425
4 0.5587583148558758 0.5437820878494011 0.5585567425922193 0.5386480319452367 0.5570449506147954 0.5347974900171135 0.5493852045958476 0.5322304620650313 0.5476718403547672 0.5340844266970907 0.5458576899818585 0.5380775812892185 0.5458576899818585 0.5403593839132915 0.5464624067728281 0.543496862521392 0.5492844184640193 0.546063890473474 0.5570449506147954 0.5453508271534512 0.5587583148558758 0.5437820878494011
4 0.5095746825236848 0.5429264118653736 0.5080628905462609 0.5396463205932687 0.5060471679096956 0.5385054192812322 0.5018141503729087 0.5382201939532231 0.49818584962709134 0.540501996577296 0.4970772021769804 0.543496862521392 0.4979842773634348 0.5462065031374786 0.5071558153598065 0.5466343411294923 0.5093731102600282 0.5449229891614376 0.5095746825236848 0.5429264118653736
4 0.5178391453336021 0.5084141471762692 0.5153194920378956 0.5062749572162007 0.5108849022374521 0.5062749572162007 0.5099778270509978 0.5069880205362236 0.5095746825236848 0.5106959498003423 0.5105825438419673 0.5226754135767256 0.5114896190284217 0.5248146035367941 0.5140092723241282 0.5255276668568168 0.5180407175972587 0.5172561323445521 0.5178391453336021 0.5084141471762692
4 0.5407175972586172 0.4980034227039361 0.5374924410401128 0.4968625213918996 0.532856278976013 0.49942954934398176 0.5289256198347108 0.5052766685681689 0.5295303366256803 0.5121220764403879 0.5334609957669825 0.5188248716486024 0.5373916549082847 0.5212492869366799 0.541423100181415 0.5001426126640046 0.5407175972586172 0.4980034227039361
4 0.5442451118726064 0.4724757558471192 0.5442451118726064 0.4659155733029093 0.5409191695222737 0.46063890473474045 0.5374924410401128 0.46177980604677693 0.5355775045353759 0.4664860239589276 0.5369885103809716 0.47760981175128353 0.541423100181415 0.47932116371933825 0.5428341060270107 0.4773245864232744 0.5442451118726064 0.4724757558471192
4 0.5390042330175367 0.460781517398745 0.5358798629308608 0.4557900741585853 0.5294295504938521 0.45236737022247575 0.5242894577706108 0.45593268682258986 0.5234831687159847 0.4619224187107815 0.5245918161660955 0.466343411294923 0.530941342471276 0.46848260125499147 0.5358798629308608 0.46691386195094126 0.5390042330175367 0.460781517398745
4 0.48941745615803267 0.5158300057045065 0.49062688973997176 0.5098402738163149 0.4893166700262044 0.5048488305761551 0.4862930860713566 0.5014261266400456 0.48226164079822614 0.5002852253280091 0.4796412013706914 0.5022818026240731 0.47853255392058053 0.5044209925841415 0.4773231203386414 0.510125499144324 0.4773231203386414 0.5172561323445521 0.47863334005240876 0.5222475755847119 0.4827655714573675 0.5221049629207074 0.4866962305986696 0.5193953223046206 0.48941745615803267 0.5158300057045065
4 0.5685345696432171 0.44438106103822017 0.569643217093328 0.4379634911580148 0.5688369280387019 0.43282943525385054 0.5670227776657932 0.42883628066172275 0.5647046966337432 0.42584141471762693 0.5608748236242693 0.4249857387335995 0.5569441644829671 0.4302624073017684 0.5555331586373715 0.4388191671420422 0.5575488812739368 0.4465202509982886 0.5598669623059866 0.44808899030233884 0.5617818988107236 0.4479463776383343 0.5645031243700867 0.4475185396463206 0.5685345696432171 0.44438106103822017
4 0.6021971376738561 0.39589275527666856 0.5961499697641605 0.3907586993725043 0.5922193106228583 0.39004563605248144 0.5914130215682322 0.39432401597261835 0.592521669018343 0.3981745579007416 0.59675468655513 0.40102681118083283 0.6014916347510583 0.40116942384483745 0.6033057851239669 0.4000285225328009 0.6021971376738561 0.39589275527666856
4 0.6349526305180407 0.3110382201939532 0.6310219713767385 0.304905875641757 0.6281999596855473 0.3037649743297205 0.6237653698851038 0.3040501996577296 0.6228582946986495 0.30533371363377065 0.6246724450715582 0.3107529948659441 0.6315259020358799 0.3187393040501997 0.6341463414634146 0.31645750142612666 0.6349526305180407 0.3110382201939532
4 0.6283007458173755 0.2828009127210496 0.6265873815762951 0.2775242441528808 0.6233622253577907 0.275812892184826 0.6193307800846604 0.2755276668568169 0.6139891150977626 0.27766685681688535 0.6117718201975408 0.2885054192812322 0.6115702479338843 0.2942099258414147 0.6160048377343278 0.2944951511694238 0.627696029026406 0.2847974900171135 0.6283007458173755 0.2828009127210496
4 0.6158032654706712 0.3124643468339989 0.6158032654706712 0.30989731888191674 0.6134851844386212 0.30433542498573873 0.6076395887925822 0.3009127210496292 0.6047167909695625 0.3047632629777524 0.6043136464422495 0.31160867084997146 0.6055230800241886 0.31645750142612666 0.6081435194517234 0.31788362806617226 0.6140899012295908 0.3163148887621221 0.6158032654706712 0.3124643468339989
4 0.6043136464422495 0.31959498003422704 0.6028018544648256 0.3154592127780947 0.5997782705099778 0.31403308613804903 0.5962507558959887 0.31645750142612666 0.5958476113686757 0.32187678265830005 0.6008869179600886 0.3247290359383913 0.604112074178593 0.3230176839703366 0.6043136464422495 0.31959498003422704
4 0.59443660552308 0.31645750142612666 0.592521669018343 0.31488876212207645 0.5892965127998387 0.31602966343411293 0.588994154404354 0.32187678265830005 0.5924208828865148 0.3227324586423274 0.5938318887321105 0.32187678265830005 0.59443660552308 0.31645750142612666
4 0.5656117718201975 0.31645750142612666 0.5690385003023584 0.30618938961779807 0.5726668010481758 0.3001996577296064 0.5687361419068736 0.29606389047347403 0.5649062688973997 0.29691956645750145 0.5597661761741585 0.30533371363377065 0.5569441644829671 0.3230176839703366 0.558455956460391 0.32515687393040504 0.5609756097560976 0.3255847119224187 0.5646039105019149 0.3224472333143183 0.5656117718201975 0.31645750142612666
4 0.5692400725660149 0.33442669709070166 0.5690385003023584 0.32815173987450086 0.5675267083249345 0.32515687393040504 0.5645031243700867 0.32287507130633203 0.5590606732513607 0.32515687393040504 0.5571457367466237 0.3272960638904735 0.5563394476919976 0.33185966913861953 0.5570449506147954 0.3345693097547062 0.5606732513606127 0.33713633770678836 0.5658133440838541 0.33756417569880204 0.5687361419068736 0.33713633770678836 0.5692400725660149 0.33442669709070166
4 0.5601693207014715 0.2887906446092413 0.558455956460391 0.2829435253850542 0.5528119330780085 0.2829435253850542 0.5484781294093932 0.2885054192812322 0.5497883491231607 0.2917855105533371 0.5571457367466237 0.29335424985738734 0.5595646039105019 0.29164289788933256 0.5601693207014715 0.2887906446092413
4 0.5573473090102802 0.3820593268682259 0.5546260834509171 0.3773531089560753 0.5489820600685346 0.3753565316600114 0.5466639790364846 0.3774957216200799 0.5480749848820802 0.3832002281802624 0.5454545454545454 0.3940387906446092 0.5489820600685346 0.3984597832287507 0.5531142914734932 0.39860239589275526 0.5555331586373715 0.39432401597261835 0.5573473090102802 0.3820593268682259
4 0.5295303366256803 0.39118653736451797 0.5333602096351542 0.3812036508841985 0.5334609957669825 0.37164860239589276 0.5292279782301955 0.3710781517398745 0.5255996774843782 0.3739304050199658 0.5150171336424108 0.39432401597261835 0.5132029832695021 0.3997432972047918 0.5113888328965934 0.4105818596691386 0.5122959080830478 0.41243582430119796 0.5140092723241282 0.41314888762122076 0.519754081838339 0.4112949229891614 0.5295303366256803 0.39118653736451797
4 0.47591211449304577 0.34383913291500284 0.4742995363837936 0.3387050770108386 0.47278774440636967 0.336280661722761 0.46855472686958277 0.333998859098688 0.46391856480548277 0.333998859098688 0.46301148961902844 0.33956075299486593 0.4646240677282806 0.34811751283513975 0.4673452932876436 0.35168282943525386 0.4714775246926023 0.3526811180832858 0.4753073977020762 0.34982886480319453 0.47591211449304577 0.34383913291500284
4 0.48236242693005443 0.33813462635482033 0.4805482765571457 0.31988020536223616 0.47954041523886315 0.3170279520821449 0.47823019552509577 0.31602966343411293 0.47510582543841967 0.3204506560182544 0.4730901028018545 0.3338562464346834 0.476012900624874 0.3416999429549344 0.47823019552509577 0.34341129492298916 0.4799435597661762 0.3432686822589846 0.4819592824027414 0.34184255561893895 0.48236242693005443 0.33813462635482033
4 0.49365047369481957 0.32929264118653734 0.490324531344487 0.32658300057045064 0.4862930860713566 0.32686822589845976 0.4857891554122153 0.3290074158585282 0.48639387220318486 0.3338562464346834 0.4883088087079218 0.3365658870507701 0.49143317879459786 0.33756417569880204 0.49425519048578914 0.3349971477467199 0.49365047369481957 0.32929264118653734
4 0.492642612376537 0.36608670849971475 0.4862930860713566 0.3553907586993725 0.48246321306188267 0.35482030804335424 0.47853255392058053 0.3609526525955505 0.47853255392058053 0.36637193382772393 0.4895182422898609 0.3773531089560753 0.49425519048578914 0.37835139760410724 0.4954646240677283 0.3769252709640616 0.492642612376537 0.36608670849971475
4 0.4862930860713566 0.40815744438106105 0.4878048780487805 0.4051625784369652 0.4872001612578109 0.40259555048488305 0.48004434589800443 0.40216771249286937 0.4748034670429349 0.4047347404449515 0.4745011086474501 0.40687393040501996 0.4755089699657327 0.4100114090131204 0.4789356984478936 0.41115231032515687 0.4828663575891957 0.4110096976611523 0.4862930860713566 0.40815744438106105
4 0.4721830276154001 0.42156303479749 0.466337431969361 0.41985168282943525 0.4634146341463415 0.4219908727895037 0.4635154202781697 0.4278379920136908 0.46674057649667405 0.4306902452937821 0.4706712356379762 0.4305476326297775 0.47268695827454144 0.42741015402167715 0.4721830276154001 0.42156303479749
4 0.45041322314049587 0.4352538505419281 0.44355976617617415 0.4298345693097547 0.4393267486393872 0.4295493439817456 0.43841967345293287 0.43083285795778664 0.4380165289256198 0.43311466058185966 0.44335819391251763 0.44038790644609244 0.44718806692199153 0.4423844837421563 0.4511187260632937 0.4425270964061609 0.45273130417254587 0.4385339418140331 0.45041322314049587 0.4352538505419281
4 0.4569643217093328 0.45536223616657157 0.4546462406772828 0.4537934968625214 0.45101793993146544 0.4535082715345123 0.4499092924813546 0.45564746149458074 0.45031243700866763 0.460781517398745 0.4515218705906067 0.4624928693667998 0.45706510784116106 0.46063890473474045 0.4569643217093328 0.45536223616657157
4 0.4775246926022979 0.4824586423274387 0.4768191896795001 0.47946377638334287 0.4746018947792784 0.47860810039931545 0.4730901028018545 0.47989161437535655 0.4724853860108849 0.48331431831146604 0.47359403346099577 0.4851682829435254 0.47510582543841967 0.48559612093553906 0.47641604515218705 0.48488305761551626 0.4775246926022979 0.4824586423274387
4 0.4432574077806894 0.3746434683399886 0.4431566216488611 0.36936679977181974 0.4393267486393872 0.3690815744438106 0.4381173150574481 0.3710781517398745 0.4355976617617416 0.37207644038790644 0.43690788147550896 0.37763833428408444 0.4402338238258416 0.377780946948089 0.44154404353960897 0.37763833428408444 0.4432574077806894 0.3746434683399886
4 0.690385003023584 0.23516828294352538 0.6902842168917557 0.2318881916714204 0.6864543438822818 0.23103251568739305 0.6808103204998992 0.23302909298345692 0.6730497883491232 0.23916143753565317 0.6716387825035275 0.24429549343981746 0.6738560774037492 0.2491443240159726 0.6745615803265471 0.25014261266400456 0.6788953839951622 0.2502852253280091 0.6863535577504536 0.24657729606389048 0.690385003023584 0.23516828294352538