2 0.18786534972787744 0.5266685681688534 0.19451723442854263 0.5109811751283514 0.19441644829671437 0.5048488305761551 0.18937714170530134 0.5034227039361096 0.186151985486797 0.49942954934398176 0.1801048175771014 0.49914432401597264 0.1774843781495666 0.5008556759840274 0.174158435799234 0.5052766685681689 0.17274742995363837 0.5104107244723332 0.17274742995363837 0.5166856816885339 0.17516629711751663 0.525812892184826 0.1774843781495666 0.529092983456931 0.1816166095545253 0.5306617227609812 0.18453940737754485 0.5299486594409584 0.18786534972787744 0.5266685681688534
2 0.2803870187462205 0.5529092983456931 0.2817980245918162 0.5494865944095836 0.2819995968554727 0.5429264118653736 0.2809917355371901 0.5380775812892185 0.2780689377141705 0.5333713633770679 0.27464220923200966 0.531374786081004 0.2710139084861923 0.5319452367370222 0.26799032453134447 0.5342270393610953 0.26426123765369885 0.5389332572732458 0.26244708728079014 0.5432116371933827 0.26224551501713367 0.5497718197375927 0.2636565208627293 0.554905875641757 0.2667808909494054 0.5587564175698803 0.27091312235436404 0.5600399315459212 0.2758516428139488 0.5581859669138619 0.2803870187462205 0.5529092983456931
2 0.2830074581737553 0.5834284084426697 0.2824027413827857 0.5791500285225328 0.27696029026405966 0.5634626354820308 0.27464220923200966 0.560467769537935 0.2706107639588793 0.5607529948659441 0.26123765369885105 0.5717341699942955 0.26043136464422495 0.5777239018824871 0.2625478734126184 0.5818596691386195 0.2706107639588793 0.5884198516828294 0.27464220923200966 0.5929834569309754 0.27917758516428137 0.5945521962350256 0.28260431364644223 0.59312606959498 0.2830074581737553 0.5834284084426697
2 0.32483370288248337 0.6605818596691386 0.3273533561781899 0.6578722190530519 0.328159645232816 0.6544495151169424 0.32695021165087684 0.6501711351968055 0.32342269703688775 0.6448944666286366 0.3147550896996573 0.6354820308043354 0.3097157831082443 0.6317741015402167 0.30608748236242694 0.6326297775242442 0.3027615400120943 0.6381916714204221 0.29933481152993346 0.6507415858528237 0.2987300947389639 0.6573017683970337 0.29913323926627694 0.660439247005134 0.3020560370892965 0.6642897889332573 0.3102197137673856 0.6664289788933258 0.3137472283813747 0.666001140901312 0.32483370288248337 0.6605818596691386
2 0.31808103204998994 0.7383057615516257 0.31808103204998994 0.7326012549914432 0.3133440838540617 0.7301768397033657 0.3102197137673856 0.7234740444951512 0.30749848820802256 0.7213348545350827 0.3020560370892965 0.7213348545350827 0.29923402539810523 0.7233314318311466 0.29610965531142913 0.7271819737592699 0.29409393267486394 0.732030804335425 0.29328764362023785 0.738876212207644 0.29409393267486394 0.7482886480319453 0.29782301955250956 0.7527096406160867 0.30215682322112475 0.7531374786081004 0.3089094940536182 0.7492869366799771 0.31808103204998994 0.7383057615516257
2 0.35900020157226364 0.7092127780946949 0.3602096351542028 0.6969480889903024 0.35920177383592017 0.6878208784940103 0.35617818988107236 0.6812606959498003 0.3532553920580528 0.6774101540216771 0.350634952630518 0.6782658300057045 0.3489215883894376 0.6801197946377638 0.34247127595242893 0.6932401597261837 0.3398508365248942 0.7046491728465488 0.3394476919975811 0.7097832287507131 0.3410602701068333 0.7160581859669138 0.3435799234025398 0.7190530519110097 0.3466035073573876 0.7204791785510554 0.35234831687159845 0.7206217912150599 0.3557750453537593 0.7171990872789503 0.35900020157226364 0.7092127780946949
2 0.3715984680507962 0.7353108956075299 0.37351340455553317 0.7326012549914432 0.3745212658738158 0.7283228750713063 0.37169925418262445 0.7080718767826583 0.36897802862326146 0.7050770108385624 0.3586978431767789 0.7096406160867085 0.35517032856278974 0.7166286366229321 0.3541624672445072 0.7206217912150599 0.35476718403547675 0.727467199087279 0.35597661761741584 0.7308899030233885 0.3609151380770006 0.7364517969195664 0.3654505140092723 0.7380205362236166 0.36877645635960493 0.737592698231603 0.3715984680507962 0.7353108956075299
2 0.4089901229590808 0.6707073588134627 0.4097964120137069 0.6658585282373075 0.40919169522273735 0.6544495151169424 0.4075791171134852 0.6484597832287508 0.40465631929046564 0.643468339988591 0.40102801854464826 0.6414717626925271 0.3978028623261439 0.6420422133485454 0.3923604112074179 0.6457501426126641 0.38984075791171136 0.6493154592127781 0.38399516226567226 0.6632915002852253 0.3835920177383592 0.6687107815173987 0.38470066518847007 0.6717056474614945 0.3881273936706309 0.6737022247575585 0.40455553315863735 0.6752709640616087 0.40767990324531345 0.6737022247575585 0.4089901229590808 0.6707073588134627
2 0.3952832090304374 0.6324871648602396 0.39649264261237654 0.6279235596120936 0.39568635355775045 0.6225042783799202 0.39427534771215483 0.6193667997718197 0.38832896593428745 0.6126640045636053 0.384297520661157 0.6132344552196235 0.379661358597057 0.616657159155733 0.3773432775650071 0.6216486023958927 0.3803668615198549 0.6364803194523674 0.3818786534972788 0.6391899600684541 0.38500302358395483 0.6410439247005134 0.3907478330981657 0.638904734740445 0.3952832090304374 0.6324871648602396
2 0.37835113888328964 0.5965487735310896 0.381173150574481 0.5936965202509983 0.38318887321104617 0.5879920136908158 0.386615601693207 0.5825727324586423 0.38228179802459183 0.5770108385624644 0.37260632936907884 0.5735881346263548 0.3683733118322919 0.5735881346263548 0.3657528724047571 0.5755847119224187 0.3624269300544245 0.582002281802624 0.3616206409997984 0.5874215630347975 0.36202378552711145 0.5936965202509983 0.3642410804273332 0.599971477467199 0.36655916145938316 0.6035367940673132 0.3685748840959484 0.6052481460353679 0.37331183229187664 0.6051055333713634 0.3767385607740375 0.601968054763263 0.37835113888328964 0.5965487735310896
2 0.34710743801652894 0.539218482601255 0.3497278774440637 0.5332287507130633 0.35113888328965936 0.5272390188248717 0.34932473291675065 0.5186822589845979 0.34579721830276156 0.513405590416429 0.34095948397500503 0.5114090131203651 0.33733118322918765 0.5125499144324016 0.33299737956057246 0.5164004563605248 0.33078008466035075 0.5221049629207074 0.3301753678693812 0.5298060467769538 0.3313848014513203 0.5389332572732458 0.33350131021971374 0.5442099258414147 0.34146341463414637 0.5443525385054193 0.345192501511792 0.54249857387336 0.34710743801652894 0.539218482601255
2 0.28079016327353357 0.4995721620079863 0.2817980245918162 0.494438106103822 0.280185446482564 0.48359954363947516 0.2788752267687966 0.4823160296634341 0.2736343479137271 0.48288648031945236 0.2674863938722032 0.49158585282373074 0.2656722434992945 0.49786081003993155 0.265470671235638 0.4995721620079863 0.268191896795001 0.5051340559041643 0.2706107639588793 0.50656018254421 0.275146139891151 0.5067027952082145 0.2787744406369684 0.5041357672561323 0.28079016327353357 0.4995721620079863
2 0.3023583954847813 0.4941528807758129 0.3053819794396291 0.47789503707929265 0.3058859100987704 0.4637763833428408 0.3020560370892965 0.46406160867084995 0.29862930860713566 0.46691386195094126 0.29379157427937913 0.46891043924700515 0.2893569844789357 0.47318881916714206 0.28361217496472485 0.4830290929834569 0.28280588591009875 0.48987450085567597 0.2832090304374118 0.494438106103822 0.28441846401935095 0.4972903593839133 0.28955855674259223 0.5028522532800913 0.29510179399314657 0.503565316600114 0.2998387421890748 0.5005704506560182 0.3023583954847813 0.4941528807758129
2 0.3255392058052812 0.5061323445521962 0.328159645232816 0.49985738733599544 0.32916750655109855 0.49472333143183117 0.32795807296915946 0.48730747290359383 0.32402741382785727 0.482030804335425 0.3222132634549486 0.4811751283513976 0.31697238459987903 0.48088990302338847 0.31213465027212256 0.48288648031945236 0.3080024188671639 0.48759269823160295 0.3051804071759726 0.4952937820878494 0.30477726264865956 0.4995721620079863 0.30598669623059865 0.5052766685681689 0.3087079217899617 0.5102681118083285 0.3133440838540617 0.5131203650884198 0.3178794597863334 0.5129777524244152 0.32160854666397903 0.5108385624643468 0.3255392058052812 0.5061323445521962
2 0.35164281394880065 0.5096976611523103 0.3596049183632332 0.4995721620079863 0.3614190687361419 0.494438106103822 0.3579923402539811 0.4824586423274387 0.35627897601290065 0.479749001711352 0.3532553920580528 0.4777524244152881 0.3482160854666398 0.4777524244152881 0.3435799234025398 0.4791785510553337 0.3392461197339246 0.4847404449515117 0.3384398306792985 0.48730747290359383 0.3370288248337029 0.4975755847119224 0.3380366861519855 0.5052766685681689 0.34095948397500503 0.5099828864803194 0.34650272122555936 0.5121220764403879 0.34861922999395284 0.5119794637763834 0.35164281394880065 0.5096976611523103
2 0.34166498689780284 0.4767541357672561 0.34267284821608546 0.47190530519110097 0.3430759927433985 0.460781517398745 0.34045555331586375 0.45507701083856245 0.3385406168111268 0.452937820878494 0.3347107438016529 0.4517969195664575 0.32946986494658337 0.452937820878494 0.3270509977827051 0.4549343981745579 0.32392662769602903 0.460781517398745 0.323523483168716 0.4667712492869367 0.32473291675065513 0.4727609811751283 0.32866357589195727 0.4800342270393611 0.3328965934287442 0.48260125499144324 0.33763354162467246 0.4824586423274387 0.3395484781294094 0.4814603536794067 0.34166498689780284 0.4767541357672561
2 0.3610159242088289 0.46762692527096406 0.36283007458173755 0.460781517398745 0.3624269300544245 0.45735881346263546 0.3610159242088289 0.45279520821448943 0.35829469864946584 0.4492298916143754 0.3484176577302963 0.4452367370222476 0.3462003628300746 0.44694808899030236 0.3402539810522072 0.45507701083856245 0.34630114896190284 0.47561323445521964 0.3490223745212659 0.47832287507130633 0.3533561781898811 0.4784654877353109 0.35688369280387017 0.4754706217912151 0.3610159242088289 0.46762692527096406
2 0.27081233622253575 0.44694808899030236 0.28230195525095747 0.43867655447803766 0.2824027413827857 0.4376782658300057 0.2810925216690183 0.434968625213919 0.27776657931868576 0.4322589845978323 0.2758516428139488 0.4272675413576726 0.2667808909494054 0.42384483742156304 0.26194315662164885 0.4244152880775813 0.25680306389840757 0.42912150598973187 0.25438419673452933 0.43710781517398745 0.2549889135254989 0.4470907016543069 0.2573069945575489 0.4495151169423845 0.25942350332594233 0.4499429549343982 0.26355573473090105 0.4498003422703936 0.27081233622253575 0.44694808899030236
2 0.26930054424511185 0.33784940102681116 0.27171941140899014 0.3275812892184826 0.27192098367264667 0.3213063320022818 0.2707115500907075 0.3161722760981175 0.2668816770812336 0.30790074158585284 0.26274944567627495 0.30547632629777527 0.256198347107438 0.31645750142612666 0.2533763354162467 0.3275812892184826 0.25377947994355976 0.33328579577866513 0.2565007055029228 0.33884768967484313 0.25972586172142714 0.3405590416428979 0.26405966539004233 0.3409868796349116 0.2667808909494054 0.3402738163148888 0.26930054424511185 0.33784940102681116
2 0.2931868574884096 0.36737022247575585 0.2965127998387422 0.3615231032515687 0.2975206611570248 0.35638904734740445 0.29691594436605523 0.35239589275527666 0.29348921588389437 0.3475470621791215 0.2930860713565813 0.3392755276668568 0.29117113485184437 0.3374215630347975 0.2869381173150575 0.3397033656588705 0.282503527514614 0.3399885909868796 0.27554928441846405 0.34982886480319453 0.2741382785728684 0.35439247005134056 0.2749445676274945 0.36066742726754136 0.277867365450514 0.3659440958357102 0.28230195525095747 0.3702224757558471 0.28724047571054223 0.3706503137478608 0.29036484579721833 0.369937250427838 0.2931868574884096 0.36737022247575585
2 0.36081435194517236 0.4305476326297775 0.362628502318081 0.4217056474614946 0.36283007458173755 0.416001140901312 0.36182221326345493 0.41086708499714775 0.3597057044950615 0.4064460924130063 0.3570852650675267 0.40387906446092414 0.35244910300342674 0.4030233884768967 0.3484176577302963 0.4050199657729606 0.3450917153799637 0.40858528237307473 0.34166498689780284 0.41628636622932114 0.34146341463414637 0.4217056474614946 0.3430759927433985 0.42712492869366797 0.3468050796210441 0.43211637193382774 0.34962709131223546 0.4338277239018825 0.35537190082644626 0.43397033656588707 0.35849627091312236 0.4332572732458642 0.36081435194517236 0.4305476326297775
2 0.47349324732916753 0.530376497432972 0.4755089699657327 0.5221049629207074 0.47510582543841967 0.5161152310325157 0.4719814553517436 0.5119794637763834 0.46653900423301753 0.5091272104962921 0.4584761136867567 0.5079863091842556 0.45323523483168715 0.5105533371363377 0.45192501511791977 0.5158300057045065 0.4531344486998589 0.523531089560753 0.46089498085063496 0.5393610952652595 0.46291070348720015 0.5416428978893326 0.4670429348921588 0.5420707358813462 0.46986494658335015 0.5395037079292642 0.47349324732916753 0.530376497432972
2 0.4694618020560371 0.4913006274957216 0.47127595242894577 0.4830290929834569 0.47046966337431967 0.47589845978322876 0.4673452932876436 0.47318881916714206 0.4552509574682524 0.47062179121505987 0.4508163676678089 0.47290359383913294 0.44869985889941544 0.47703936109526524 0.4507155815359806 0.48645179691956647 0.4588792582140697 0.49857387335995434 0.46321306188268496 0.5004278379920137 0.46684136262850234 0.4975755847119224 0.4694618020560371 0.4913006274957216
2 0.5149163475105826 0.43211637193382774 0.5172344285426326 0.4279806046776954 0.5178391453336021 0.42113519680547634 0.517032856278976 0.41828294352538503 0.5122959080830478 0.4107244723331432 0.5102801854464826 0.40958357102110665 0.5058455956460391 0.4098687963491158 0.501914936504737 0.416001140901312 0.4992944970772022 0.4279806046776954 0.5003023583954848 0.43311466058185966 0.50231808103205 0.4356816885339418 0.5120943358193912 0.43439817455790075 0.5149163475105826 0.43211637193382774
2 0.4701673049788349 0.36309184255561894 0.47188066921991534 0.36066742726754136 0.473694819592824 0.35410724472333144 0.47853255392058053 0.3495436394751854 0.47853255392058053 0.34412435824301196 0.4766176174158436 0.34112949229891615 0.47057044950614796 0.3382772390188249 0.46371699254182625 0.33713633770678836 0.45867768595041325 0.33713633770678836 0.4551501713364241 0.34070165430690247 0.4531344486998589 0.348687963491158 0.4531344486998589 0.3555333713633771 0.45454545454545453 0.359811751283514 0.456661963313848 0.36337706788362806 0.45908083047772624 0.36537364517969195 0.46442249546462405 0.36608670849971475 0.4669421487603306 0.3656588705077011 0.4701673049788349 0.36309184255561894
2 0.45353759322717196 0.2887906446092413 0.4553517436000806 0.28308613804905874 0.45474702680911105 0.27681118083285794 0.4534368070953437 0.27438676554478036 0.442350332594235 0.2732458642327439 0.4393267486393872 0.27438676554478036 0.43821810118927634 0.2762407301768397 0.43700866760733725 0.2822304620650314 0.43761338439830677 0.2862236166571592 0.43922596250755896 0.2905019965772961 0.4434589800443459 0.294780376497433 0.4475912114493046 0.29435253850541926 0.45353759322717196 0.2887906446092413
2 0.5160249949606934 0.2517113519680548 0.516629711751663 0.2502852253280091 0.5164281394880065 0.24429549343981746 0.5139084861922999 0.2401597261836851 0.5078613182826043 0.23502567027952082 0.5020157226365652 0.22818026240730177 0.4993952832090304 0.22875071306332 0.49828663575891957 0.2300342270393611 0.49768191896795 0.23345693097547063 0.49909292481354567 0.23887621220764405 0.5007055029227978 0.25285225328009125 0.5024188671638783 0.2567027952082145 0.50695424309615 0.2579863091842556 0.5129006248740173 0.25527666856816883 0.5160249949606934 0.2517113519680548
2 0.5547268695827454 0.3107529948659441 0.5545252973190888 0.30191100969766116 0.5518040717597259 0.29606389047347403 0.5477726264865954 0.29292641186537366 0.5443458980044346 0.29207073588134624 0.5372908687764564 0.29406731317741014 0.5281193307800847 0.29991443240159726 0.5297319088893369 0.30504848830576153 0.538701874622052 0.3163148887621221 0.5447490425317476 0.32030804335424984 0.5486797016730498 0.3201654306902453 0.5531142914734932 0.31588705077010837 0.5547268695827454 0.3107529948659441
2 0.6126788953839951 0.2835139760410724 0.61298125377948 0.27766685681688535 0.6099576698246322 0.26939532230462065 0.6080427333198952 0.2669709070165431 0.6040112880467647 0.2669709070165431 0.597157831082443 0.27210496292070735 0.5883894376133844 0.2847974900171135 0.5873815762951018 0.28964632059326867 0.5882886514815562 0.29207073588134624 0.589397298931667 0.2919281232173417 0.6040112880467647 0.2880775812892185 0.6126788953839951 0.2835139760410724
2 0.4707720217698045 0.6411865373645179 0.47188066921991534 0.6390473474044495 0.47046966337431967 0.6324871648602396 0.46744607941947186 0.6279235596120936 0.4650272122555936 0.6216486023958927 0.46210441443257405 0.6180832857957786 0.45928240274138277 0.6163719338277239 0.45504938520459587 0.6180832857957786 0.45353759322717196 0.6205077010838562 0.44970772021769806 0.6327723901882487 0.449304575690385 0.6387621220764403 0.4505140092723241 0.6436109526525956 0.4530336625680306 0.6471762692527097 0.45635960491836325 0.6478893325727325 0.4651279983874219 0.6451796919566457 0.4707720217698045 0.6411865373645179
2 0.5051400927232412 0.660439247005134 0.5049385204595848 0.6493154592127781 0.5059463817778673 0.6433257273245864 0.5049385204595848 0.6384768967484312 0.5022172949002217 0.6363377067883628 0.4984882080225761 0.6384768967484312 0.49042531747631524 0.6544495151169424 0.488006450312437 0.6615801483171706 0.4878048780487805 0.6661437535653166 0.4905261036081435 0.6717056474614945 0.49435597661761743 0.6745579007415858 0.4984882080225761 0.6758414147176269 0.502721225559363 0.6727039361095265 0.5051400927232412 0.660439247005134
2 0.4618020560370893 0.7217626925270965 0.46321306188268496 0.716343411294923 0.46301148961902844 0.7069309754706218 0.4609957669824632 0.6998003422703936 0.45867768595041325 0.6968054763262977 0.4556541019955654 0.6953793496862521 0.45101793993146544 0.6956645750142613 0.44728885305381977 0.6995151169423844 0.44567627494456763 0.7055048488305762 0.44507155815359806 0.7123502567027952 0.44285426325337635 0.7160581859669138 0.4490022172949002 0.724187107815174 0.45202580124974806 0.7258984597832288 0.4561580326547067 0.7260410724472333 0.4588792582140697 0.7253280091272105 0.4618020560370893 0.7217626925270965
2 0.44386212457165897 0.7765259555048488 0.44366055230800244 0.7671135196805476 0.441947188066922 0.7629777524244152 0.4365047369481959 0.760125499144324 0.4314654303567829 0.760125499144324 0.42340253981052206 0.7629777524244152 0.4186655916145938 0.7685396463205932 0.41806087482362425 0.7713918996006845 0.42088288651481554 0.7802338847689675 0.4223946784922395 0.7826583000570451 0.43469058657528725 0.7917855105533371 0.4394275347712155 0.7919281232173417 0.4418464019350937 0.787934968625214 0.44386212457165897 0.7765259555048488
2 0.4812537794799436 0.755561893896178 0.48457972183027614 0.7494295493439818 0.4886111671034066 0.7383057615516257 0.48840959483975005 0.7323160296634341 0.48619229993952834 0.7271819737592699 0.4826647853255392 0.7230462065031374 0.47943962910703486 0.7210496292070736 0.47500503930659144 0.7210496292070736 0.4731908889336827 0.7224757558471192 0.46805079621044143 0.732030804335425 0.4656319290465632 0.7403023388476897 0.46522878451925015 0.7457216200798631 0.4678492239467849 0.7588419851682829 0.4693610159242088 0.7604107244723332 0.47107438016528924 0.7602681118083285 0.4784317677887523 0.7581289218482601 0.4812537794799436 0.755561893896178
2 0.5089699657327151 0.8215915573302909 0.5097762547873412 0.8158870507701084 0.5087683934690587 0.810467769537935 0.5059463817778673 0.803907586993725 0.49818584962709134 0.7946377638334284 0.4941544043539609 0.791500285225328 0.4901229590808305 0.7912150598973189 0.4841765773029631 0.7996292070735881 0.4827655714573675 0.8170279520821448 0.48488208022576096 0.8217341699942955 0.48971981455351743 0.8262977752424415 0.4933481152993348 0.8277239018824871 0.4994960693408587 0.8278665145464917 0.5060471679096956 0.825156873930405 0.5089699657327151 0.8215915573302909
2 0.5198548679701673 0.7046491728465488 0.5218705906067325 0.6998003422703936 0.5222737351340455 0.6923844837421563 0.521265873815763 0.6855390758699372 0.5201572263656521 0.6833998859098688 0.5173352146744608 0.6822589845978323 0.5137069139286434 0.6774101540216771 0.5098770409191695 0.6756988020536223 0.5052408788550695 0.6802624073017683 0.502721225559363 0.6843981745579008 0.4994960693408587 0.6938106103822019 0.49909292481354567 0.6995151169423844 0.5018141503729087 0.7042213348545351 0.5060471679096956 0.7079292641186538 0.5117919774239065 0.7089275527666857 0.5169320701471477 0.7073588134626355 0.5198548679701673 0.7046491728465488
2 0.5295303366256803 0.6772675413576725 0.5301350534166499 0.6729891614375356 0.5301350534166499 0.662435824301198 0.5285224753073977 0.6493154592127781 0.5269098971981455 0.6436109526525956 0.5255996774843782 0.6417569880205363 0.5217698044749043 0.6420422133485454 0.5176375730699456 0.6464632059326868 0.5113888328965934 0.6658585282373075 0.511187260632937 0.6729891614375356 0.5121951219512195 0.6769823160296634 0.5165289256198347 0.6819737592698232 0.522072162870389 0.6841129492298916 0.5270106833299738 0.6811180832857958 0.5295303366256803 0.6772675413576725
2 0.5741785930255997 0.7760981175128352 0.5776053215077606 0.7746719908727895 0.5799234025398106 0.7716771249286937 0.580124974803467 0.7659726183685112 0.5765974601894779 0.7615516257843696 0.5685345696432171 0.755561893896178 0.5604716790969563 0.7512835139760411 0.5576496674057649 0.7532800912721049 0.5563394476919976 0.7562749572162007 0.5547268695827454 0.7636908157444381 0.5543237250554324 0.7728180262407301 0.5547268695827454 0.7770964061608671 0.5572465228784519 0.7820878494010268 0.5602701068332997 0.7835139760410724 0.5631929046563193 0.7833713633770679 0.5659141302156824 0.7826583000570451 0.5741785930255997 0.7760981175128352
2 0.5865752872404757 0.7374500855675984 0.5877847208224148 0.7331717056474615 0.5877847208224148 0.7294637763833428 0.5867768595041323 0.7217626925270965 0.5853658536585366 0.718625213918996 0.5834509171537996 0.7159155733029093 0.5802257609352953 0.7144894466628636 0.5765974601894779 0.7162007986309185 0.5711550090707519 0.7250427837992014 0.5682322112477323 0.7271819737592699 0.5682322112477323 0.7294637763833428 0.5686353557750453 0.7326012549914432 0.5711550090707519 0.7341699942954935 0.5763958879258214 0.7410154021677124 0.5807296915944367 0.7417284654877353 0.5844587784720823 0.7401597261836851 0.5865752872404757 0.7374500855675984
2 0.614190687361419 0.7223331431831147 0.6137875428341061 0.7092127780946949 0.6117718201975408 0.702937820878494 0.6094537391654908 0.6990872789503708 0.6042128603104213 0.6953793496862521 0.5999798427736344 0.6956645750142613 0.5960491836323322 0.6995151169423844 0.5942350332594235 0.7046491728465488 0.594033460995767 0.7103536794067313 0.5958476113686757 0.7189104392470052 0.5968554726869583 0.7220479178551056 0.6026002822011691 0.7276098117512835 0.6042128603104213 0.7307472903593839 0.60834509171538 0.7317455790074159 0.6121749647248539 0.7271819737592699 0.614190687361419 0.7223331431831147
2 0.6232614392259626 0.754563605248146 0.6252771618625277 0.7497147746719909 0.6252771618625277 0.74343981745579 0.6236645837532756 0.7385909868796349 0.6219512195121951 0.7361665715915573 0.6197339246119734 0.7344552196235026 0.6157024793388429 0.7335995436394752 0.6116710340657125 0.7344552196235026 0.6091513807700061 0.7371648602395893 0.6075388026607539 0.7422989161437535 0.6075388026607539 0.7468625213918996 0.6077403749244104 0.7494295493439818 0.6103608143519452 0.7554192812321734 0.6120741785930256 0.757843696520251 0.6162064099979843 0.7602681118083285 0.6195323523483168 0.7598402738163149 0.6232614392259626 0.754563605248146
2 0.6389840757911711 0.8158870507701084 0.6383793590002016 0.8121791215059897 0.6353557750453538 0.8076155162578437 0.6321306188268494 0.7999144324015972 0.6288046764765168 0.7957786651454649 0.6237653698851038 0.7926411865373645 0.6199354968756299 0.7932116371933827 0.6166095545252973 0.797062179121506 0.614190687361419 0.8050484883057616 0.6137875428341061 0.8107529948659441 0.6147954041523886 0.8161722760981175 0.6158032654706712 0.8190245293782088 0.6199354968756299 0.8234455219623502 0.6272928844990929 0.8241585852823731 0.6376738560774038 0.8177410154021677 0.6389840757911711 0.8158870507701084
2 0.6778875226768797 0.8327153451226469 0.6807095343680709 0.8221620079863092 0.6805079621044144 0.8178836280661723 0.6780890949405362 0.810467769537935 0.6759725861721427 0.8069024529378209 0.6745615803265471 0.8051911009697661 0.6703285627897602 0.8046206503137479 0.6677081233622254 0.80718767826583 0.6657931868574885 0.8110382201939532 0.6645837532755493 0.8161722760981175 0.6645837532755493 0.8221620079863092 0.6665994759121145 0.8287221905305191 0.6712356379762144 0.8367084997147747 0.6732513606127797 0.8435539075869938 0.6752670832493449 0.8444095835710211 0.676879661358597 0.8432686822589845 0.6778875226768797 0.8327153451226469
2 0.7663777464220923 0.8107529948659441 0.7663777464220923 0.8041928123217341 0.7647651683128401 0.7964917284654878 0.7629510179399315 0.7919281232173417 0.7596250755895989 0.7872219053051911 0.755392058052812 0.7855105533371364 0.7513606127796815 0.7860810039931546 0.7485386010884902 0.7880775812892185 0.7458173755291272 0.7933542498573873 0.7454142310018141 0.799343981745579 0.7466236645837533 0.8044780376497433 0.7527716186252772 0.816029663434113 0.7611368675670228 0.8235881346263548 0.7653698851038098 0.8156018254420992 0.7663777464220923 0.8107529948659441
2 0.8451925015117919 0.6749857387335996 0.844789356984479 0.6655733029092984 0.8435799234025398 0.6598687963491158 0.8412618423704898 0.6548773531089561 0.8358193912517637 0.6505989731888192 0.8311832291876637 0.6494580718767826 0.8273533561781898 0.6511694238448374 0.8181818181818182 0.660439247005134 0.8234226970368878 0.6741300627495722 0.8277565007055029 0.6802624073017683 0.8354162467244507 0.685966913861951 0.8403547671840355 0.6858243011979464 0.8437814956661963 0.6832572732458643 0.8451925015117919 0.6749857387335996
2 0.8286635758919573 0.5058471192241871 0.8290667204192703 0.48844837421563037 0.8272525700463617 0.4827438676554478 0.8241281999596856 0.47860810039931545 0.8196936101592421 0.4754706217912151 0.8146543035678291 0.47461494580718766 0.8116307196129813 0.4768967484312607 0.8079016327353357 0.48359954363947516 0.807296915944366 0.48844837421563037 0.8079016327353357 0.4952937820878494 0.8109252166901835 0.5041357672561323 0.8140495867768595 0.5091272104962921 0.8190888933682725 0.5119794637763834 0.8222132634549486 0.5118368511123788 0.8257407780689378 0.5108385624643468 0.8286635758919573 0.5058471192241871
2 0.6713364241080427 0.7159155733029093 0.6746623664583753 0.7106389047347405 0.6744607941947188 0.7049343981745579 0.6695222737351341 0.6999429549343982 0.6652892561983471 0.697375926982316 0.6588389437613384 0.6965202509982886 0.6535980649062689 0.6990872789503708 0.6508768393469059 0.7043639475185397 0.651683128401532 0.7160581859669138 0.654404353960895 0.7221905305191101 0.6589397298931667 0.7223331431831147 0.6667002620439427 0.7193382772390188 0.6713364241080427 0.7159155733029093
2 0.681515823422697 0.6946662863662293 0.6837331183229187 0.6832572732458643 0.6837331183229187 0.67156303479749 0.6793993146543036 0.6654306902452938 0.6745615803265471 0.6631488876212208 0.6701269905261036 0.6631488876212208 0.6641806087482363 0.6661437535653166 0.6619633138480145 0.67156303479749 0.6615601693207015 0.6775527666856817 0.6631727474299537 0.6838277239018825 0.6680104817577102 0.6923844837421563 0.6698246321306188 0.6980889903023388 0.6727474299536383 0.7030804335424986 0.6746623664583753 0.7040787221905305 0.679197742390647 0.6996577296063891 0.681515823422697 0.6946662863662293
2 0.70509977827051 0.6661437535653166 0.70509977827051 0.6598687963491158 0.7010683329973796 0.6484597832287508 0.69814553517436 0.6443240159726183 0.6939125176375731 0.6426126640045636 0.6902842168917557 0.6440387906446092 0.6869582745414231 0.6493154592127781 0.6835315460592623 0.666999429549344 0.6843378351138883 0.6701369081574444 0.6858496270913123 0.6719908727895038 0.6952227373513404 0.673844837421563 0.7023785527111469 0.6719908727895038 0.70509977827051 0.6661437535653166
2 0.7240475710542229 0.6273531089560753 0.7216287038903447 0.6170849971477467 0.718302761540012 0.61437535653166 0.7094335819391252 0.6146605818596691 0.7068131425115904 0.6160867084997148 0.705502922797823 0.6187963491158015 0.70509977827051 0.6230747290359384 0.705906067325136 0.6282087849401027 0.7077202176980447 0.6324871648602396 0.7118524491030034 0.638904734740445 0.7144728885305383 0.6406160867084997 0.7177988308808708 0.6407586993725043 0.7208224148357186 0.637906446092413 0.7240475710542229 0.6273531089560753
2 0.736041120741786 0.5752994865944095 0.7415843579923402 0.5668853394181403 0.7433985083652489 0.561466058185967 0.7421890747833099 0.5551911009697661 0.7389639185648055 0.5497718197375927 0.7342269703688773 0.5444951511694238 0.7303970973594034 0.5427837992013691 0.7263656520862729 0.5430690245293782 0.7237452126587381 0.5447803764974329 0.7214271316266881 0.5489161437535653 0.7208224148357186 0.554905875641757 0.7210239870993751 0.5623217341699943 0.7228381374722838 0.5663148887621221 0.7224349929449708 0.5771534512264689 0.7251562185043338 0.5812892184826013 0.7274742995363838 0.5814318311466058 0.7297923805684338 0.5810039931545922 0.736041120741786 0.5752994865944095
2 0.7546865551300141 0.5272390188248717 0.7546865551300141 0.5158300057045065 0.753073977020762 0.5112664004563605 0.7457165893972989 0.5085567598402738 0.7412819995968555 0.5085567598402738 0.7366458375327555 0.5105533371363377 0.7353356178189882 0.5129777524244152 0.7349324732916751 0.5164004563605248 0.7371497681918968 0.5218197375926983 0.7459181616609555 0.5328009127210497 0.7498488208022576 0.5352253280091273 0.753073977020762 0.5329435253850542 0.7546865551300141 0.5272390188248717
2 0.7865349727877444 0.4941528807758129 0.7845192501511792 0.47789503707929265 0.780588591009877 0.47290359383913294 0.7761540012094336 0.47261836851112377 0.7729288449909293 0.4737592698231603 0.7690989719814554 0.47718197375926985 0.7675871800040315 0.48017683970336567 0.7665793186857488 0.4827438676554478 0.7665793186857488 0.4887335995436395 0.7699052610360815 0.4940102681118083 0.7765571457367466 0.49914432401597264 0.7808909494053619 0.5007130633200229 0.7854263253376336 0.49743297204791787 0.7865349727877444 0.4941528807758129
2 0.6043136464422495 0.6102395892755277 0.6067325136061278 0.599971477467199 0.6069340858697844 0.5934112949229892 0.6057246522878452 0.5902738163148887 0.6019955654101996 0.5855675984027382 0.6003829873009474 0.5844266970907016 0.5959483975005039 0.5841414717626925 0.5931263858093127 0.5858528237307473 0.5908083047772626 0.5888476896748431 0.5885910098770409 0.5942669709070165 0.5877847208224148 0.5996862521391899 0.5885910098770409 0.6053907586993725 0.5918161660955452 0.6133770678836281 0.5945373916549083 0.6163719338277239 0.5976617617415844 0.6167997718197376 0.6005845595646039 0.6160867084997148 0.6043136464422495 0.6102395892755277
2 0.6216488611167104 0.6202224757558471 0.6228582946986495 0.6162293211637193 0.6224551501713365 0.6105248146035368 0.6172142713162668 0.5936965202509983 0.6138883289659343 0.5881346263548203 0.6114694618020561 0.5867084997147747 0.6090505946381778 0.5881346263548203 0.6073372303970973 0.5922703936109527 0.604112074178593 0.6108100399315459 0.6049183632332191 0.6159440958357102 0.6074380165289256 0.62093553907587 0.6116710340657125 0.6240730176839704 0.6158032654706712 0.6242156303479749 0.6197339246119734 0.6223616657159156 0.6216488611167104 0.6202224757558471
2 0.6536988510380971 0.6076725613234455 0.6551098568836928 0.5996862521391899 0.6545051400927232 0.5936965202509983 0.6511791977423906 0.5887050770108385 0.6475508969965733 0.5861380490587564 0.6431163071961298 0.5858528237307473 0.6384801451320299 0.5892755276668569 0.6361620640999799 0.5922703936109527 0.6349526305180407 0.5971192241871078 0.6349526305180407 0.6011123787792356 0.6363636363636364 0.606531660011409 0.6392864341866559 0.6115231032515688 0.6433178794597864 0.6152310325156874 0.6476516831284015 0.6159440958357102 0.6509776254787342 0.6140901312036509 0.6536988510380971 0.6076725613234455
2 0.681112678895384 0.640188248716486 0.6823221124773231 0.6336280661722761 0.6819189679500101 0.626497432972048 0.6809111066317275 0.6216486023958927 0.677988308808708 0.6152310325156874 0.6747631525902036 0.6129492298916144 0.6705301350534166 0.6126640045636053 0.664482967143721 0.6160867084997148 0.6627696029026406 0.6182258984597833 0.6613585970570449 0.6262122076440388 0.661761741584358 0.6324871648602396 0.6635758919572666 0.6387621220764403 0.6671034065712558 0.6440387906446092 0.6705301350534166 0.6460353679406732 0.6746623664583753 0.6458927552766686 0.678794597863334 0.6437535653166001 0.681112678895384 0.640188248716486
2 0.6932070147147752 0.5663148887621221 0.6913928643418665 0.5586138049058756 0.6893771417053014 0.5543354249857387 0.6878653497278775 0.5521962350256703 0.6824228986091514 0.5490587564175698 0.677988308808708 0.5490587564175698 0.6745615803265471 0.551625784369652 0.6724450715581536 0.5551911009697661 0.6712356379762144 0.5603251568739304 0.671437210239871 0.5663148887621221 0.6726466438218102 0.5697375926982317 0.6777867365450514 0.5752994865944095 0.6830276154001209 0.5775812892184826 0.6873614190687362 0.577438676554478 0.6926022979238057 0.5717341699942955 0.6932070147147752 0.5663148887621221
2 0.7020761943156621 0.5492013690815745 0.7024793388429752 0.5323730747290359 0.701269905261036 0.5269537934968626 0.6979439629107035 0.5213918996006845 0.6943156621648862 0.5191100969766115 0.6902842168917557 0.5188248716486024 0.6866559161459383 0.5213918996006845 0.6835315460592623 0.5272390188248717 0.6821205402136666 0.5323730747290359 0.6823221124773231 0.5397889332572733 0.6851441241685144 0.546063890473474 0.6900826446280992 0.5527666856816885 0.6933078008466035 0.5544780376497433 0.696633743196936 0.5543354249857387 0.6993549687562991 0.5533371363377068 0.7020761943156621 0.5492013690815745
2 0.7210239870993751 0.5272390188248717 0.7204192703084056 0.516970907016543 0.7208224148357186 0.5044209925841415 0.7195121951219512 0.5017113519680547 0.717899617012699 0.5011409013120365 0.7083249344890143 0.5106959498003423 0.705906067325136 0.5149743297204792 0.7040919169522274 0.5212492869366799 0.7046966337431969 0.5272390188248717 0.7084257206208425 0.5319452367370222 0.7138681717395686 0.5356531660011409 0.7177988308808708 0.5357957786651455 0.720217698044749 0.5329435253850542 0.7210239870993751 0.5272390188248717
2 0.7365450514009272 0.4502281802624073 0.7361419068736141 0.44366799771819737 0.7319088893368273 0.4333998859098688 0.7293892360411207 0.4306902452937821 0.7245515017133642 0.4289788933257273 0.7187059060673251 0.4298345693097547 0.7140697440032252 0.432686822589846 0.7109453739165491 0.438248716486024 0.7109453739165491 0.44965772960638906 0.7131626688167708 0.4547917855105533 0.7158838943761339 0.455219623502567 0.7176980447490425 0.4535082715345123 0.7185043338036686 0.4557900741585853 0.7217294900221729 0.45835710211066744 0.7302963112275751 0.4587849401026811 0.7344285426325338 0.45636052481460354 0.7365450514009272 0.4502281802624073
2 0.763555734730901 0.4000285225328009 0.7629510179399315 0.3940387906446092 0.7605321507760532 0.3883342840844267 0.7568030638984076 0.38362806617227607 0.7527716186252772 0.38362806617227607 0.7485386010884902 0.38533941814033085 0.7464220923200967 0.38861950941243584 0.7458173755291272 0.3940387906446092 0.7460189477927837 0.40031374786081003 0.7472283813747228 0.40487735310895606 0.7497480346704294 0.40730176839703364 0.7542834106027011 0.4080148317170565 0.760431364644225 0.40587564175698804 0.763555734730901 0.4000285225328009
2 0.6113686756702278 0.5135482030804336 0.6131828260431365 0.5047062179121506 0.6117718201975408 0.4992869366799772 0.6084458778472083 0.49429549343981743 0.6028018544648256 0.4925841414717627 0.5989719814553518 0.4937250427837992 0.5960491836323322 0.49614945807187677 0.59443660552308 0.4995721620079863 0.593630316468454 0.5061323445521962 0.5946381777867366 0.5106959498003423 0.5963515420278169 0.5136908157444381 0.5999798427736344 0.5171135196805476 0.6045152187059061 0.5181118083285796 0.6094537391654908 0.5162578436965203 0.6113686756702278 0.5135482030804336
2 0.6490626889739972 0.539218482601255 0.6510784116105623 0.5329435253850542 0.6510784116105623 0.5263833428408443 0.6488611167103406 0.5195379349686252 0.6473493247329167 0.5176839703365659 0.6433178794597864 0.515687393040502 0.6392864341866559 0.515687393040502 0.635456561177182 0.5171135196805476 0.6311227575085668 0.5238163148887621 0.6303164684539407 0.5269537934968626 0.6307196129812538 0.5332287507130633 0.632332191090506 0.5377923559612093 0.6388832896593428 0.547062179121506 0.6432170933279581 0.5477752424415288 0.6466438218101189 0.5440673131774102 0.6490626889739972 0.539218482601255
2 0.6551098568836928 0.5049914432401598 0.6553114291473493 0.4990017113519681 0.6543035678290667 0.4910154021677125 0.6534972787744406 0.4887335995436395 0.6517839145333603 0.48716486023958927 0.6479540415238864 0.4860239589275528 0.6431163071961298 0.48659440958357103 0.6399919371094538 0.4893040501996577 0.6383793590002016 0.4941528807758129 0.6379762144728885 0.4995721620079863 0.6391856480548277 0.5064175698802054 0.6425115904051603 0.515687393040502 0.6469461802056037 0.5185396463205932 0.6510784116105623 0.5183970336565887 0.6530941342471276 0.5138334284084427 0.6551098568836928 0.5049914432401598
2 0.6746623664583753 0.507843696520251 0.6754686555130014 0.49985738733599544 0.6781898810723644 0.49743297204791787 0.6799032453134448 0.49386765544780376 0.6743600080628905 0.4857387335995436 0.6677081233622254 0.4791785510553337 0.6622656722434993 0.4777524244152881 0.6588389437613384 0.479749001711352 0.656319290465632 0.48331431831146604 0.6557145736746623 0.48588134626354823 0.6553114291473493 0.492156303479749 0.656319290465632 0.5049914432401598 0.6604515218705906 0.5108385624643468 0.6684136262850232 0.5115516257843696 0.6709332795807297 0.5108385624643468 0.6746623664583753 0.507843696520251
2 0.6307196129812538 0.4830290929834569 0.6333400524087885 0.4747575584711922 0.6339447691997581 0.4707644038790645 0.6331384801451321 0.460781517398745 0.6398911509776255 0.45664575014261266 0.6454343882281798 0.44965772960638906 0.6460391050191494 0.4439532230462065 0.6448296714372103 0.4385339418140331 0.6394880064503125 0.43040501996577296 0.6352549889135255 0.43040501996577296 0.6322314049586777 0.432686822589846 0.6272928844990929 0.440530519110097 0.6258818786534973 0.4442384483742156 0.6260834509171538 0.45108385624643466 0.6264865954444668 0.4533656588705077 0.6279983874218907 0.455219623502567 0.6195323523483168 0.45636052481460354 0.6157024793388429 0.4614945807187678 0.611066317274743 0.46177980604677693 0.6093529530336625 0.46334854535082715 0.6085466639790365 0.46563034797490016 0.6217496472485387 0.4851682829435254 0.6233622253577907 0.48659440958357103 0.6268897399717799 0.48645179691956647 0.6290062487401733 0.4854535082715345 0.6307196129812538 0.4830290929834569
2 0.6454343882281798 0.44965772960638906 0.6460391050191494 0.44537934968625215 0.6450312437008667 0.4385339418140331 0.6415037290868777 0.432686822589846 0.6388832896593428 0.43011979463776384 0.6352549889135255 0.43011979463776384 0.6322314049586777 0.432686822589846 0.6272928844990929 0.4399600684540787 0.6254787341261843 0.44537934968625215 0.6254787341261843 0.45507701083856245 0.6314251159040516 0.46063890473474045 0.6355573473090103 0.4604962920707359 0.6434186655916146 0.45308043354249855 0.6454343882281798 0.44965772960638906
2 0.7085265067526708 0.46021106674272677 0.7099375125982664 0.45536223616657157 0.7095343680709535 0.45108385624643466 0.7054021366659947 0.4361095265259555 0.6997581132836121 0.43411294922989163 0.6947188066921992 0.43411294922989163 0.6906873614190687 0.4375356531660011 0.6875629913323926 0.4425270964061609 0.6865551300141101 0.44937250427837994 0.6871598468050796 0.45393610952652597 0.6897802862326143 0.46106674272675413 0.6920983672646643 0.4643468339988591 0.6949203789558557 0.466343411294923 0.699657327151784 0.4664860239589276 0.7039911308203991 0.4654877353108956 0.7085265067526708 0.46021106674272677
2 0.7071155009070752 0.4140045636052481 0.7075186454343882 0.4100114090131204 0.7061076395887926 0.40259555048488305 0.7013706913928643 0.3921848260125499 0.698548679701673 0.390188248716486 0.6943156621648862 0.3907586993725043 0.690788147550897 0.39432401597261835 0.6851441241685144 0.4051625784369652 0.685748840959484 0.40915573302909297 0.6875629913323926 0.4134341129492299 0.6902842168917557 0.41671420422133487 0.6975408183833904 0.41985168282943525 0.7026809111066318 0.4197090701654307 0.7056037089296513 0.41756988020536223 0.7071155009070752 0.4140045636052481
2 0.6766780890949405 0.3817741015402168 0.6774843781495666 0.36066742726754136 0.6751662971175166 0.3585282373074729 0.6707317073170732 0.36138049058756416 0.6618625277161863 0.36309184255561894 0.6587381576295102 0.36665715915573305 0.6573271517839145 0.3717912150598973 0.6581334408385406 0.377780946948089 0.6606530941342471 0.38334284084426695 0.6667002620439427 0.38961779806046776 0.671034065712558 0.3903308613804906 0.6748639387220319 0.3874786081003993 0.6766780890949405 0.3817741015402168
2 0.7157831082443056 0.3495436394751854 0.7137673856077403 0.3387050770108386 0.7089296512799839 0.3275812892184826 0.7060068534569643 0.32344552196235027 0.7021769804474904 0.3220193953223046 0.698548679701673 0.32344552196235027 0.6946180205603709 0.3275812892184826 0.6926022979238057 0.3327153451226469 0.6919975811328362 0.33756417569880204 0.6926022979238057 0.3444095835710211 0.6942148760330579 0.34811751283513975 0.697742390647047 0.351968054763263 0.7041927030840557 0.3553907586993725 0.7077202176980447 0.3555333713633771 0.7155815359806491 0.3549629207073588 0.7157831082443056 0.3495436394751854