1 0.26426123765369885 0.36694238448374217 0.2668816770812336 0.3612378779235596 0.2666801048175771 0.3552481460353679 0.26496674057649666 0.351968054763263 0.26274944567627495 0.3502567027952082 0.24642209232009676 0.3459783228750713 0.24511187260632936 0.34982886480319453 0.24874017335214674 0.36466058185966915 0.25226768796613586 0.3719338277239019 0.2555936303164685 0.373217341699943 0.2601290062487402 0.3719338277239019 0.26426123765369885 0.36694238448374217
1 0.29711751662971175 0.3883342840844267 0.2977222334206813 0.3820593268682259 0.2965127998387422 0.37835139760410724 0.2863334005240879 0.37335995436394753 0.27343277565007057 0.3719338277239019 0.27232412819995966 0.3746434683399886 0.27232412819995966 0.37835139760410724 0.2745414231001814 0.3851968054763263 0.27837129610965533 0.39232743867655445 0.2827050997782705 0.39760410724472334 0.28673654505140095 0.39988590986879635 0.2906672041927031 0.3997432972047918 0.29429550493852047 0.39517969195664576 0.29711751662971175 0.3883342840844267
1 0.24289457770610764 0.4721905305191101 0.24269300544245112 0.4659155733029093 0.24168514412416853 0.4619224187107815 0.23785527111469462 0.44937250427837994 0.23553719008264462 0.4452367370222476 0.2325136061277968 0.4466628636622932 0.22878451925015117 0.45308043354249855 0.22515621850433382 0.460781517398745 0.2231404958677686 0.46848260125499147 0.22354364039508165 0.4744723331431831 0.22545857689981857 0.47746719908727897 0.23090102801854465 0.4800342270393611 0.23503325942350334 0.47989161437535655 0.24037492441040112 0.47746719908727897 0.24289457770610764 0.4721905305191101
1 0.2748437814956662 0.4720479178551055 0.27857286837331185 0.46848260125499147 0.2811933078008466 0.456217912150599 0.2809917355371901 0.44965772960638906 0.2786736545051401 0.44609241300627495 0.2748437814956662 0.44409583571021105 0.27081233622253575 0.44409583571021105 0.2667808909494054 0.44609241300627495 0.26405966539004233 0.44965772960638906 0.2638580931263858 0.45136908157444383 0.2644628099173554 0.4662007986309184 0.2695021165087684 0.47703936109526524 0.27111469461802057 0.47789503707929265 0.2725257004636162 0.4767541357672561 0.2748437814956662 0.4720479178551055
1 0.2211247732312034 0.5272390188248717 0.22193106228582948 0.5249572162007986 0.2223342068131425 0.5209640616086708 0.22172949002217296 0.5175413576725614 0.2190082644628099 0.5125499144324016 0.21155009070751865 0.5108385624643468 0.20751864543438822 0.5128351397604107 0.2047974198750252 0.5172561323445521 0.2037895585567426 0.5223901882487165 0.20499899213868172 0.5298060467769538 0.20792178996170127 0.5333713633770679 0.21245716589397298 0.5337992013690815 0.21820197540818384 0.5305191100969766 0.2211247732312034 0.5272390188248717
1 0.25307397702076195 0.5370792926411866 0.2549889135254989 0.5343696520250998 0.25760935295303367 0.5272390188248717 0.2592219310622858 0.5158300057045065 0.2580124974803467 0.5095550484883058 0.2554928441846402 0.5071306332002282 0.24420479741987502 0.5122646891043925 0.24037492441040112 0.5165430690245294 0.2376536988510381 0.521534512264689 0.23725055432372505 0.5272390188248717 0.2396694214876033 0.5335139760410724 0.24339850836524896 0.5376497432972048 0.2493448901431163 0.5386480319452367 0.25146139891150976 0.5385054192812322 0.25307397702076195 0.5370792926411866
1 0.27605321507760533 0.553907586993725 0.27978230195525094 0.5494865944095836 0.2819995968554727 0.5443525385054193 0.28260431364644223 0.5380775812892185 0.28159645232815966 0.5329435253850542 0.27998387421890747 0.5289503707929264 0.2764563596049184 0.5253850541928123 0.2706107639588793 0.5248146035367941 0.26859504132231404 0.5256702795208215 0.2644628099173554 0.530376497432972 0.2628502318081032 0.5346548773531089 0.26204394275347714 0.5449229891614376 0.26325337633541623 0.5543354249857387 0.26496674057649666 0.5576155162578437 0.26788953839951624 0.5583285795778665 0.27081233622253575 0.5579007415858528 0.27605321507760533 0.553907586993725
1 0.25448498286635757 0.6012549914432401 0.2563999193710945 0.5985453508271534 0.2578109252166902 0.5939817455790074 0.25821406974400324 0.5882772390188249 0.25740778068937714 0.5771534512264689 0.2548881273936706 0.5681688533941814 0.2526708324934489 0.5693097547062179 0.24974803467042936 0.5762977752424415 0.24339850836524896 0.5835710211066742 0.2406772828058859 0.5882772390188249 0.24027413827857286 0.5945521962350256 0.241483571860512 0.5991158014831717 0.24420479741987502 0.6021106674272675 0.24793388429752067 0.6031089560752995 0.2510582543841967 0.602966343411295 0.25448498286635757 0.6012549914432401
1 0.2394678492239468 0.6313462635482031 0.24108042733319895 0.6273531089560753 0.24128199959685548 0.6216486023958927 0.23906470469663374 0.6167997718197376 0.2351340455553316 0.6129492298916144 0.23150574480951422 0.6126640045636053 0.22888530538197943 0.6152310325156874 0.22213263454948598 0.6273531089560753 0.22152791775851643 0.6330576155162578 0.22293892360411208 0.6381916714204221 0.22364442652690988 0.6391899600684541 0.2279782301955251 0.6396177980604678 0.23553719008264462 0.6357672561323445 0.2394678492239468 0.6313462635482031
1 0.26143922596250757 0.6935253850541928 0.26244708728079014 0.6901026811180833 0.26325337633541623 0.67156303479749 0.26244708728079014 0.6689960068454078 0.2593227171941141 0.6654306902452938 0.2548881273936706 0.6654306902452938 0.25125982664785323 0.6682829435253851 0.24692602297923805 0.6741300627495722 0.2443055835517033 0.6815459212778094 0.2432977222334207 0.6883913291500285 0.24470872807901634 0.6938106103822019 0.2470268091110663 0.6962350256702795 0.2513606127796815 0.6969480889903024 0.25912114493045757 0.6956645750142613 0.26143922596250757 0.6935253850541928
1 0.29610965531142913 0.6553051911009697 0.2989316670026204 0.6493154592127781 0.2997379560572465 0.6433257273245864 0.2941947188066922 0.6337706788362807 0.28976012900624876 0.6294922989161438 0.2863334005240879 0.6286366229321164 0.2824027413827857 0.6327723901882487 0.27998387421890747 0.6384768967484312 0.27837129610965533 0.6501711351968055 0.27978230195525094 0.6541642897889333 0.282503527514614 0.65687393040502 0.2906672041927031 0.6595835710211067 0.2941947188066922 0.6585852823730747 0.29610965531142913 0.6553051911009697
1 0.3317879459786333 0.5717341699942955 0.3325942350332594 0.5674557900741586 0.3323926627696029 0.5611808328579578 0.3290667204192703 0.5550484883057616 0.32624470872807904 0.5527666856816885 0.3175771013908486 0.5499144324015972 0.3154605926224551 0.5520536223616657 0.3148558758314856 0.5540501996577296 0.31566216488611165 0.5723046206503137 0.31798024591816165 0.57843696520251 0.3221124773231203 0.5802909298345693 0.32765571457367465 0.5772960638904735 0.3317879459786333 0.5717341699942955
1 0.3317879459786333 0.46534512264689104 0.3303769401330377 0.45507701083856245 0.328159645232816 0.44965772960638906 0.32563999193710946 0.4458071876782658 0.3214069744003225 0.44438106103822017 0.3183833904454747 0.44637763833428407 0.31505744809514213 0.45165430690245295 0.3116307196129813 0.4604962920707359 0.3108244305583552 0.4667712492869367 0.31415037290868775 0.4720479178551055 0.31777867365450513 0.4737592698231603 0.3219109050594638 0.47390188248716486 0.330880870792179 0.4720479178551055 0.3317879459786333 0.46534512264689104
1 0.35768998185849626 0.44181403308613804 0.3596049183632332 0.43910439247005134 0.36081435194517236 0.4333998859098688 0.3602096351542028 0.42712492869366797 0.3587986293086071 0.42341699942954936 0.35748840959483974 0.4212778094694809 0.3530538197943963 0.41785510553337135 0.34942551904857894 0.41814033086138047 0.3459987905664181 0.4209925841414718 0.34267284821608546 0.42712492869366797 0.3408586978431768 0.4325442099258414 0.3408586978431768 0.43938961779806046 0.34186655916145936 0.4425270964061609 0.34499092924813546 0.4452367370222476 0.3497278774440637 0.44566457501426127 0.3530538197943963 0.44495151169423847 0.35768998185849626 0.44181403308613804
1 0.3805684337835114 0.523531089560753 0.3827857286837331 0.5161152310325157 0.3805684337835114 0.507843696520251 0.3764362023785527 0.5039931545921278 0.3707921789961701 0.5048488305761551 0.3685748840959484 0.50656018254421 0.36665994759121145 0.510125499144324 0.36867567022777664 0.5312321734169995 0.3729086877645636 0.5323730747290359 0.3760330578512397 0.5299486594409584 0.3805684337835114 0.523531089560753
1 0.37552912719209836 0.5771534512264689 0.38157629510179397 0.5554763262977752 0.3804676476516831 0.5496292070735881 0.37180004031445274 0.5513405590416429 0.364946583350131 0.5550484883057616 0.3610159242088289 0.5597547062179121 0.35819391251763755 0.566029663434113 0.3579923402539811 0.5720193953223046 0.3604112074178593 0.5777239018824871 0.364946583350131 0.583000570450656 0.3690788147550897 0.5837136337706789 0.3724047571054223 0.5821448944666286 0.37552912719209836 0.5771534512264689
1 0.3328965934287442 0.6717056474614945 0.34146341463414637 0.6587278950370793 0.34327756500705503 0.6553051911009697 0.3444869985889942 0.6501711351968055 0.34428542632533765 0.6476041072447233 0.3431767788752268 0.6457501426126641 0.3369280387018746 0.6448944666286366 0.3296714372102399 0.6466058185966914 0.3244305583551703 0.6497432972047917 0.3221124773231203 0.6527381631488877 0.3204998992138682 0.6595835710211067 0.32110461600483775 0.6655733029092984 0.3229187663777464 0.67156303479749 0.32563999193710946 0.6754135767256132 0.32634549485990727 0.6752709640616087 0.32946986494658337 0.6751283513976041 0.3328965934287442 0.6717056474614945
1 0.38157629510179397 0.6618653736451797 0.381979439629107 0.6592983456930975 0.381173150574481 0.6533086138049059 0.37321104616004835 0.6386195094124358 0.36958274541423103 0.6360524814603536 0.36655916145938316 0.6366229321163719 0.36363636363636365 0.6404734740444952 0.36081435194517236 0.6464632059326868 0.3596049183632332 0.6550199657729606 0.3611167103406571 0.6585852823730747 0.36434186655916145 0.6611523103251569 0.36897802862326146 0.6631488876212208 0.3749244104011288 0.6635767256132344 0.38066921991533964 0.6631488876212208 0.38157629510179397 0.6618653736451797
1 0.41201370691392863 0.6256417569880205 0.4140294295504939 0.6210781517398745 0.4146341463414634 0.6150884198516828 0.4134247127595243 0.6108100399315459 0.40788147550896997 0.6012549914432401 0.4004233017536787 0.5992584141471763 0.3978028623261439 0.5995436394751854 0.3960894980850635 0.6008271534512265 0.39568635355775045 0.6036794067313177 0.39266276960290264 0.6105248146035368 0.39286434186655916 0.6219338277239019 0.39427534771215483 0.6267826583000571 0.3973997177988309 0.6314888762122076 0.39941544043539606 0.6329150028522533 0.4043539608949808 0.6327723901882487 0.4080830477726265 0.6306332002281803 0.41201370691392863 0.6256417569880205
1 0.4281394880064503 0.5383628066172276 0.4281394880064503 0.5329435253850542 0.4209836726466438 0.5310895607529948 0.4159443660552308 0.524529378208785 0.4117113485184439 0.5242441528807759 0.4088893368272526 0.5265259555048488 0.40616811126788954 0.5329435253850542 0.40636968353154607 0.5437820878494011 0.4079822616407982 0.5497718197375927 0.41201370691392863 0.5520536223616657 0.4236041120741786 0.5459212778094695 0.4281394880064503 0.5383628066172276
1 0.4049586776859504 0.45764403879064464 0.40616811126788954 0.45136908157444383 0.4049586776859504 0.44452367370222473 0.4004233017536787 0.439532230462065 0.3887321104616005 0.43782087849401025 0.38651481556137873 0.43839132915002854 0.3856077403749244 0.440530519110097 0.38520459584761135 0.44566457501426127 0.38681717395686355 0.45393610952652597 0.3917556944164483 0.4632059326868226 0.3947792783712961 0.46463205932686824 0.39729893166700264 0.4644894466628637 0.4020358798629309 0.46177980604677693 0.4049586776859504 0.45764403879064464
1 0.422999395283209 0.4275527666856817 0.4245111872606329 0.4202795208214489 0.4237048982060069 0.41628636622932114 0.41937109453739163 0.4090131203650884 0.4161459383188873 0.4064460924130063 0.4119129207821004 0.4064460924130063 0.4097964120137069 0.41086708499714775 0.4067728280588591 0.4217056474614946 0.4065712557952026 0.42769537934968627 0.4088893368272526 0.4309754706217912 0.4113082039911308 0.43211637193382774 0.41503729086877644 0.4319737592698232 0.4197742390647047 0.4306902452937821 0.422999395283209 0.4275527666856817
1 0.3970973594033461 0.377780946948089 0.39488006450312435 0.3652310325156874 0.39286434186655916 0.3592413006274957 0.39054626083450916 0.35681688533941813 0.3877242491433179 0.35567598402738165 0.383894376133844 0.3562464346833999 0.3782503527514614 0.3605248146035368 0.37532755492844183 0.36608670849971475 0.3737149768191897 0.37207644038790644 0.3749244104011288 0.3792070735881346 0.37683934690586574 0.38191671420422135 0.38087079217899616 0.38391329150028525 0.3924611973392461 0.38462635482030805 0.39629107034872 0.3832002281802624 0.3970973594033461 0.377780946948089
1 0.34801451320298327 0.28436965202509984 0.3491231606530941 0.2828009127210496 0.3499294497077202 0.27709640616086706 0.3491231606530941 0.2719623502567028 0.34549485990727674 0.2636908157444381 0.34337835113888326 0.2606959498003423 0.340556339447692 0.25955504848830574 0.3369280387018746 0.2606959498003423 0.33440838540616813 0.2642612664004564 0.33078008466035075 0.27538505419281234 0.3303769401330377 0.2805191100969766 0.33078008466035075 0.28394181403308616 0.33309816569240075 0.2872219053051911 0.3369280387018746 0.28893325727324587 0.34126184237048984 0.2887906446092413 0.3445877847208224 0.2875071306332002 0.34801451320298327 0.28436965202509984
1 0.36948195928240274 0.3161722760981175 0.3712961096553114 0.3110382201939532 0.3706913928643419 0.3076155162578437 0.36958274541423103 0.3051911009697661 0.3609151380770006 0.29634911580148315 0.3572868373311832 0.29406731317741014 0.3530538197943963 0.293782087849401 0.35234831687159845 0.29563605248146035 0.352953033662568 0.3110382201939532 0.3549687562991332 0.32187678265830005 0.35688369280387017 0.32458642327438675 0.3612174964724854 0.3244438106103822 0.36615601693207017 0.32087849401026813 0.36948195928240274 0.3161722760981175
1 0.3997177988308809 0.32159155733029093 0.39629107034872 0.30533371363377065 0.3923604112074179 0.2997718197375927 0.3881273936706309 0.3000570450656018 0.38137472283813745 0.3067598402738163 0.37935900020157226 0.3110382201939532 0.37855271114694616 0.3167427267541358 0.38087079217899616 0.32087849401026813 0.38449909292481355 0.3240159726183685 0.3925619834710744 0.32857957786651454 0.3968957871396896 0.32929264118653734 0.39951622656722435 0.3275812892184826 0.3997177988308809 0.32159155733029093
1 0.4314654303567829 0.3459783228750713 0.4388228179802459 0.3327153451226469 0.439629107034872 0.3275812892184826 0.43841967345293287 0.32415858528237307 0.43610159242088287 0.32087849401026813 0.4314654303567829 0.3177410154021677 0.4274339850836525 0.3177410154021677 0.4246119733924612 0.3197375926982316 0.42269703688772425 0.3224472333143183 0.42108445877847206 0.3275812892184826 0.4200765974601895 0.33841985168282945 0.420278169723846 0.3472618368511124 0.4209836726466438 0.34968625213918997 0.42410804273331987 0.35039931545921277 0.42783712961096554 0.34911580148317173 0.4314654303567829 0.3459783228750713
1 0.4565611771820198 0.3940387906446092 0.45837532755492844 0.38462635482030805 0.4609957669824632 0.377780946948089 0.45908083047772624 0.37364517969195665 0.45504938520459587 0.37592698231602967 0.4506147954041524 0.37592698231602967 0.4477927837129611 0.3773531089560753 0.4386212457165894 0.3946092413006275 0.4380165289256198 0.3997432972047918 0.43922596250755896 0.4023103251568739 0.44335819391251763 0.40787221905305193 0.44728885305381977 0.4097261836851112 0.4513202983269502 0.4074443810610382 0.4565611771820198 0.3940387906446092
1 0.4337835113888329 0.2885054192812322 0.4357992340253981 0.28308613804905874 0.43519451723442854 0.27709640616086706 0.4320701471477525 0.2726754135767256 0.4274339850836525 0.2695379349686252 0.42037895585567425 0.2692527096406161 0.4161459383188873 0.27210496292070735 0.4134247127595243 0.27766685681688535 0.4140294295504939 0.28308613804905874 0.41957266680104816 0.28893325727324587 0.42400725660149163 0.291500285225328 0.4279379157427938 0.2922133485453508 0.4312638580931264 0.2912150598973189 0.4337835113888329 0.2885054192812322
1 0.46684136262850234 0.27110667427267543 0.46905865752872405 0.2665430690245294 0.4694618020560371 0.2605533371363377 0.46653900423301753 0.2558471192241871 0.46291070348720015 0.2524244152880776 0.45908083047772624 0.24957216200798632 0.45101793993146544 0.24614945807187677 0.45031243700866763 0.2554192812321734 0.4484982866357589 0.2605533371363377 0.449304575690385 0.2648317170564746 0.4528320903043741 0.27296063890473476 0.45504938520459587 0.2752424415288078 0.45918161660955453 0.2765259555048488 0.46291070348720015 0.2755276668568169 0.46684136262850234 0.27110667427267543
1 0.4708728079016327 0.35011409013120365 0.47268695827454144 0.34469480889903026 0.4730901028018545 0.3387050770108386 0.4716790969562588 0.3338562464346834 0.4664382181011893 0.32415858528237307 0.46472485386010887 0.3214489446662864 0.46291070348720015 0.32059326868225896 0.4581737552912719 0.32986309184255563 0.4551501713364241 0.3452652595550485 0.4557548881273937 0.3495436394751854 0.4572666801048176 0.35168282943525386 0.45928240274138277 0.35339418140330864 0.464019350937311 0.3538220193953223 0.4679500100786132 0.35282373074729034 0.4708728079016327 0.35011409013120365
1 0.5332594235033259 0.31916714204221336 0.5353759322717194 0.3161722760981175 0.5361822213263455 0.3118938961779806 0.5353759322717194 0.3041928123217342 0.5333602096351542 0.29991443240159726 0.5294295504938521 0.2952082144894467 0.5260028220116912 0.2934968625213919 0.5217698044749043 0.29435253850541926 0.5184438621245716 0.29991443240159726 0.5158234226970368 0.310467769537935 0.5154202781697238 0.3187393040501997 0.5163273533561782 0.32230462065031373 0.5192501511791977 0.3230176839703366 0.5302358395484781 0.32116371933827725 0.5332594235033259 0.31916714204221336
1 0.552207216287039 0.28436965202509984 0.5547268695827454 0.27966343411294925 0.5547268695827454 0.2745293782087849 0.5531142914734932 0.26911009697661153 0.5487804878048781 0.26411865373645177 0.5459584761136868 0.2632629777524244 0.5419270308405564 0.26383342840844265 0.5383995162265672 0.267969195664575 0.5373916549082847 0.27053622361665713 0.5392058052811933 0.29249857387336 0.5397097359403346 0.29435253850541926 0.541423100181415 0.29535082715345123 0.5459584761136868 0.2895037079292641 0.552207216287039 0.28436965202509984
1 0.5569441644829671 0.36237877923559614 0.5595646039105019 0.35011409013120365 0.5589598871195324 0.34241300627495724 0.5572465228784519 0.3394181403308614 0.5540213666599476 0.3382772390188249 0.5451521870590607 0.3374215630347975 0.5393065914130216 0.33884768967484313 0.5381979439629107 0.34070165430690247 0.5379963716992542 0.34469480889903026 0.5404152388631325 0.3546776953793497 0.5473694819592824 0.3665145464917285 0.5500907075186454 0.3675128351397604 0.5544245111872607 0.3665145464917285 0.5569441644829671 0.36237877923559614
1 0.5767990324531345 0.3214489446662864 0.5793186857488409 0.3181688533941814 0.5799234025398106 0.310467769537935 0.5776053215077606 0.3051911009697661 0.5717597258617214 0.30034227039361094 0.5685345696432171 0.30034227039361094 0.5644023382382584 0.3044780376497433 0.5613787542834106 0.31132344552196234 0.5593630316468454 0.3227324586423274 0.5589598871195324 0.3275812892184826 0.5613787542834106 0.3295778665145465 0.5707518645434388 0.3260125499144324 0.5767990324531345 0.3214489446662864
1 0.6029026405966539 0.2885054192812322 0.6020963515420278 0.28337136337706786 0.594839750050393 0.270250998288648 0.5919169522273735 0.2629777524244153 0.5883894376133844 0.26511694238448374 0.5875831485587583 0.2719623502567028 0.5823422697036887 0.2828009127210496 0.5823422697036887 0.2867940673131774 0.5831485587583148 0.2905019965772961 0.5852650675267084 0.29463776383342843 0.5882886514815562 0.29634911580148315 0.5934287442047974 0.2964917284654877 0.5999798427736344 0.29406731317741014 0.6029026405966539 0.2885054192812322
1 0.6460391050191494 0.2722475755847119 0.6446280991735537 0.2665430690245294 0.640495867768595 0.2609811751283514 0.6318282604313646 0.25812892184826014 0.6269905261036082 0.25812892184826014 0.623463011489619 0.2614090131203651 0.6224551501713365 0.2659726183685111 0.623463011489619 0.27994865944095837 0.6248740173352146 0.28308613804905874 0.6263858093126385 0.2840844266970907 0.6311227575085668 0.2842270393610953 0.6427131626688167 0.2778094694808899 0.6460391050191494 0.2722475755847119
1 0.5343680709534369 0.43282943525385054 0.5347712154807498 0.42741015402167715 0.5335617818988108 0.42113519680547634 0.530538197943963 0.4145750142612664 0.5268091110663172 0.4110096976611523 0.5225760935295304 0.4107244723331432 0.5199556541019955 0.41186537364517967 0.5167304978834912 0.4150028522532801 0.5138077000604717 0.4202795208214489 0.5136061277968151 0.42912150598973187 0.5152187059060673 0.43282943525385054 0.519754081838339 0.4381061038220194 0.5255996774843782 0.44067313177410156 0.5297319088893369 0.44110096976611524 0.532150776053215 0.4385339418140331 0.5343680709534369 0.43282943525385054
1 0.5121951219512195 0.38861950941243584 0.5113888328965934 0.38063320022818026 0.5097762547873412 0.37635482030804335 0.5070550292279782 0.37364517969195665 0.5020157226365652 0.3742156303479749 0.49758113283612176 0.37763833428408444 0.49425519048578914 0.3820593268682259 0.49123160653094133 0.38861950941243584 0.4902237452126587 0.3940387906446092 0.4913323926627696 0.3970336565887051 0.5001007861318283 0.3977467199087279 0.5092723241282 0.3941814033086138 0.5121951219512195 0.38861950941243584
1 0.4799435597661762 0.47190530519110097 0.4799435597661762 0.4662007986309184 0.4746018947792784 0.45864232743867656 0.4707720217698045 0.4577866514546492 0.4671437210239871 0.4594980034227039 0.46442249546462405 0.4627780946948089 0.46321306188268496 0.4659155733029093 0.4628099173553719 0.4727609811751283 0.4656319290465632 0.4830290929834569 0.46674057649667405 0.48459783228750714 0.4708728079016327 0.4844552196235026 0.47873412618423705 0.4747575584711922 0.4799435597661762 0.47190530519110097
1 0.4951622656722435 0.5367940673131774 0.4978834912316065 0.5326583000570451 0.49889135254988914 0.5272390188248717 0.49768191896795 0.5218197375926983 0.49455754888127396 0.5176839703365659 0.4905261036081435 0.5148317170564746 0.4854867970167305 0.513405590416429 0.48256399919371096 0.5155447803764974 0.48074984882080224 0.5206788362806617 0.4799435597661762 0.5395037079292642 0.48105220721628705 0.5419281232173417 0.4867970167304979 0.5443525385054193 0.4901229590808305 0.54249857387336 0.4951622656722435 0.5367940673131774
1 0.5341664986897803 0.5021391899600685 0.5345696432170933 0.4927267541357673 0.532856278976013 0.4885909868796349 0.5217698044749043 0.4834569309754706 0.5175367869381173 0.4834569309754706 0.5150171336424108 0.48616657159155735 0.5138077000604717 0.4930119794637764 0.5144124168514412 0.5052766685681689 0.5167304978834912 0.5096976611523103 0.5196532957065108 0.510125499144324 0.5227776657931869 0.5094124358243012 0.5341664986897803 0.5021391899600685
1 0.5683329973795606 0.4249857387335995 0.5702479338842975 0.4219908727895037 0.5708526506752671 0.416001140901312 0.5692400725660149 0.4102966343411295 0.5688369280387019 0.4037364517969196 0.5678290667204192 0.40145464917284657 0.5647046966337432 0.39788933257273246 0.5608748236242693 0.3970336565887051 0.5568433783511388 0.3993154592127781 0.5521064301552107 0.4057330290929835 0.550292279782302 0.41086708499714775 0.549889135254989 0.41714204221334855 0.550695424309615 0.4217056474614946 0.5530135053416649 0.4252709640616087 0.5570449506147954 0.4275527666856817 0.5613787542834106 0.42769537934968627 0.5647046966337432 0.4272675413576726 0.5683329973795606 0.4249857387335995
1 0.5942350332594235 0.4314033086138049 0.5954444668413627 0.42741015402167715 0.5956460391050191 0.42142042213348546 0.594839750050393 0.41628636622932114 0.5924208828865148 0.41086708499714775 0.5842572062084257 0.40017113519680547 0.582039911308204 0.401312036508842 0.5813344083854062 0.4031660011409013 0.5787139689578714 0.4259840273816315 0.5789155412215279 0.4305476326297775 0.5795202580124975 0.4333998859098688 0.5810320499899214 0.4352538505419281 0.5836524894174562 0.43639475185396465 0.5887925821406974 0.4362521391899601 0.5919169522273735 0.43468339988590987 0.5942350332594235 0.4314033086138049
1 0.6260834509171538 0.4040216771249287 0.628099173553719 0.398031945236737 0.6287038903446885 0.3880490587564176 0.627696029026406 0.3829150028522533 0.6245716589397299 0.3784940102681118 0.6201370691392865 0.37706788362806615 0.6159040516024995 0.37792355961209356 0.6112678895383995 0.3807758128921848 0.6091513807700061 0.3832002281802624 0.6071356581334408 0.3883342840844267 0.6077403749244104 0.3937535653166001 0.6163071961298126 0.40530519110096974 0.6195323523483168 0.4067313177410154 0.6222535779076799 0.40658870507701084 0.6237653698851038 0.4064460924130063 0.6260834509171538 0.4040216771249287
1 0.6606530941342471 0.38391329150028525 0.6638782503527515 0.38134626354820306 0.666397903648458 0.3774957216200799 0.6672041927030841 0.373217341699943 0.666397903648458 0.36637193382772393 0.6630719612981254 0.3608100399315459 0.6602499496069341 0.3585282373074729 0.6558153598064906 0.35710211066742725 0.6509776254787342 0.3585282373074729 0.6488611167103406 0.3609526525955505 0.6460391050191494 0.3675128351397604 0.6442249546462406 0.3769252709640616 0.6442249546462406 0.3829150028522533 0.6471477524692603 0.38733599543639474 0.6514815561378754 0.3874786081003993 0.6554122152791776 0.3867655447803765 0.6606530941342471 0.38391329150028525
1 0.7040919169522274 0.3387050770108386 0.7048982060068535 0.33243011979463777 0.7036887724249143 0.3275812892184826 0.6997581132836121 0.32230462065031373 0.6943156621648862 0.3185966913861951 0.6898810723644426 0.31717056474614946 0.688470066518847 0.3180262407301768 0.6869582745414231 0.3213063320022818 0.685748840959484 0.33956075299486593 0.6869582745414231 0.3435539075869937 0.6890747833098165 0.3456930975470622 0.6948195928240274 0.346406160867085 0.7015722636565208 0.3428408442669709 0.7040919169522274 0.3387050770108386
1 0.7385607740374924 0.3997432972047918 0.7389639185648055 0.3880490587564176 0.7370489820600685 0.3827723901882487 0.7326143922596251 0.3802053622361666 0.7209232009675469 0.3802053622361666 0.7176980447490425 0.38106103822019394 0.7125579520258013 0.3860524814603537 0.7117516629711752 0.3883342840844267 0.7123563797621447 0.3903308613804906 0.7174964724853861 0.39960068454078723 0.7251562185043338 0.4027381631488876 0.7295908083047773 0.40587564175698804 0.7335214674460794 0.40658870507701084 0.736041120741786 0.40530519110096974 0.7385607740374924 0.3997432972047918
1 0.6555130014110059 0.4365373645179692 0.6569240072566015 0.4333998859098688 0.657125579520258 0.42683970336565885 0.6553114291473493 0.42142042213348546 0.6535980649062689 0.4189960068454079 0.6511791977423906 0.41671420422133487 0.6469461802056037 0.41557330290929834 0.6429147349324733 0.416999429549344 0.6397903648457972 0.4208499714774672 0.6383793590002016 0.42655447803764973 0.6383793590002016 0.43282943525385054 0.6393872203184842 0.43710781517398745 0.6406974400322516 0.43867655447803766 0.6482563999193711 0.4399600684540787 0.6527917758516428 0.4389617798060468 0.6555130014110059 0.4365373645179692
1 0.6355573473090103 0.4733314318311466 0.6357589195726668 0.4681973759269823 0.6353557750453538 0.46563034797490016 0.6328361217496472 0.4623502567027952 0.6275952428945777 0.4572162007986309 0.6231606530941343 0.4557900741585853 0.6197339246119734 0.4569309754706218 0.6172142713162668 0.4604962920707359 0.6156016932070147 0.4664860239589276 0.6151985486797017 0.4721905305191101 0.6162064099979843 0.47760981175128353 0.6183229187663778 0.4814603536794067 0.6197339246119734 0.48260125499144324 0.6240677282805885 0.4824586423274387 0.6316266881677082 0.4803194523673702 0.6355573473090103 0.4733314318311466
1 0.5920177383592018 0.5158300057045065 0.5930255996774844 0.5112664004563605 0.5910098770409191 0.4995721620079863 0.5878855069542431 0.49429549343981743 0.5848619229993953 0.4917284654877353 0.5808304777262648 0.4925841414717627 0.5781092521669018 0.49557900741585853 0.573876234630115 0.5069880205362236 0.5708526506752671 0.5106959498003423 0.569643217093328 0.5152595550484883 0.569643217093328 0.5164004563605248 0.572767587180004 0.5196805476326298 0.5809312638580931 0.5218197375926983 0.5882886514815562 0.519965772960639 0.5920177383592018 0.5158300057045065
1 0.565007055029228 0.5494865944095836 0.5668212054021367 0.5443525385054193 0.5668212054021367 0.5380775812892185 0.5645031243700867 0.5330861380490588 0.5586575287240476 0.5268111808328579 0.5564402338238258 0.5256702795208215 0.5509977827050998 0.5296634341129492 0.5492844184640193 0.5326583000570451 0.5492844184640193 0.5357957786651455 0.5531142914734932 0.5509127210496292 0.5546260834509171 0.5533371363377068 0.5573473090102802 0.5546206503137479 0.5608748236242693 0.553907586993725 0.565007055029228 0.5494865944095836
1 0.594839750050393 0.5848545350827153 0.5962507558959887 0.5802909298345693 0.5962507558959887 0.5745864232743868 0.5952428945777061 0.5717341699942955 0.592521669018343 0.5687393040501997 0.5882886514815562 0.5658870507701084 0.5844587784720823 0.5647461494580719 0.5803265470671236 0.5717341699942955 0.5787139689578714 0.5780091272104962 0.5799234025398106 0.5828579577866515 0.5837532755492845 0.5894181403308614 0.5856682120540214 0.5915573302909298 0.5885910098770409 0.5922703936109527 0.5909090909090909 0.5907016543069025 0.594839750050393 0.5848545350827153
1 0.6274944567627494 0.5825727324586423 0.6321306188268494 0.5720193953223046 0.6308203991130821 0.5678836280661723 0.6233622253577907 0.5630347974900171 0.6167103406571256 0.565031374786081 0.613384398306793 0.5683114660581859 0.6123765369885104 0.5734455219623502 0.6137875428341061 0.5817170564746149 0.6157024793388429 0.5855675984027382 0.6198347107438017 0.5868511123787792 0.6235637976214473 0.5861380490587564 0.6274944567627494 0.5825727324586423
1 0.6397903648457972 0.5329435253850542 0.6393872203184842 0.5295208214489446 0.6365652086272929 0.521534512264689 0.630417254585769 0.5105533371363377 0.6267889538399516 0.5096976611523103 0.6237653698851038 0.5114090131203651 0.6208425720620843 0.5161152310325157 0.6198347107438017 0.5209640616086708 0.6210441443257407 0.5289503707929264 0.6235637976214473 0.5328009127210497 0.630417254585769 0.5385054192812322 0.6367667808909494 0.5389332572732458 0.6389840757911711 0.5380775812892185 0.6397903648457972 0.5329435253850542
1 0.6788953839951622 0.5443525385054193 0.6784922394678492 0.5386480319452367 0.6705301350534166 0.5253850541928123 0.6673049788349124 0.5239589275527667 0.664079822616408 0.5248146035367941 0.6611570247933884 0.528094694808899 0.6595444466841363 0.5323730747290359 0.6597460189477928 0.5409298345693098 0.6610562386615602 0.5439247005134056 0.6650876839346905 0.5476326297775242 0.6708324934489014 0.5483456930975471 0.6781898810723644 0.5459212778094695 0.6788953839951622 0.5443525385054193
1 0.6748639387220319 0.47561323445521964 0.6734529328764361 0.4662007986309184 0.6705301350534166 0.46177980604677693 0.6669018343075993 0.4597832287507131 0.664482967143721 0.46035367940673133 0.6590405160249949 0.4652025099828865 0.6533964926426123 0.46833998859098686 0.6522878451925015 0.4701939532230462 0.6526909897198145 0.4750427837992014 0.6550090707518645 0.47889332572732457 0.6664986897802863 0.4863091842555619 0.6708324934489014 0.4867370222475756 0.6736545051400927 0.48359954363947516 0.6748639387220319 0.47561323445521964
1 0.7141705301350534 0.45136908157444383 0.7151783914533361 0.4490872789503708 0.7155815359806491 0.44309754706217913 0.7137673856077403 0.4362521391899601 0.7114493045756903 0.432686822589846 0.7060068534569643 0.4292641186537364 0.7019754081838339 0.4298345693097547 0.6978431767788752 0.4342555618938962 0.6962305986696231 0.4388191671420422 0.6958274541423101 0.44537934968625215 0.6980447490425318 0.4522247575584712 0.7003628300745818 0.455219623502567 0.7061076395887926 0.45735881346263546 0.7112477323120339 0.455219623502567 0.7141705301350534 0.45136908157444383
1 0.7139689578713969 0.5275242441528808 0.71437210239871 0.5209640616086708 0.7135658133440839 0.5175413576725614 0.7092320096754686 0.5108385624643468 0.7060068534569643 0.5088419851682829 0.70278169723846 0.5096976611523103 0.6974400322515621 0.5161152310325157 0.6962305986696231 0.5206788362806617 0.6962305986696231 0.5255276668568168 0.6970368877242491 0.5355105533371364 0.6976416045152187 0.5377923559612093 0.6986494658335013 0.5383628066172276 0.7100382987300947 0.5325156873930404 0.7139689578713969 0.5275242441528808
1 0.7232412819995968 0.588562464346834 0.7238459987905664 0.5845693097547062 0.7232412819995968 0.5768682258984598 0.7210239870993751 0.5714489446662864 0.717899617012699 0.567313177410154 0.7142713162668817 0.5656018254420992 0.7102398709937513 0.5658870507701084 0.7071155009070752 0.5711637193382773 0.7048982060068535 0.577438676554478 0.7077202176980447 0.5851397604107245 0.7114493045756903 0.5907016543069025 0.7138681717395686 0.5929834569309754 0.7184035476718403 0.5936965202509983 0.7213263454948599 0.5921277809469481 0.7232412819995968 0.588562464346834
1 0.7482362426930055 0.6162293211637193 0.7480346704293489 0.6062464346833999 0.7464220923200967 0.6008271534512265 0.7445071558153598 0.5975470621791215 0.7412819995968555 0.5946948088990303 0.7370489820600685 0.594124358243012 0.731808103204999 0.5958357102110667 0.729490022172949 0.5991158014831717 0.7282805885910099 0.6048203080433543 0.7280790163273534 0.6119509412435824 0.729086877645636 0.6165145464917284 0.731808103204999 0.6195094124358242 0.736444265269099 0.6220764403879064 0.7427937915742794 0.6225042783799202 0.746522878451925 0.62093553907587 0.7482362426930055 0.6162293211637193
1 0.7941947188066922 0.611095265259555 0.7939931465430357 0.6036794067313177 0.7918766377746422 0.5981175128351398 0.7880467647651683 0.5961209355390759 0.7803870187462205 0.5961209355390759 0.7733319895182423 0.5975470621791215 0.7704091916952227 0.5994010268111808 0.7698044749042532 0.6051055333713634 0.7719209836726466 0.6086708499714775 0.7836121749647249 0.6215059897318882 0.7891554122152792 0.6236451796919567 0.7919774239064705 0.6216486023958927 0.7941947188066922 0.611095265259555
1 0.7884499092924814 0.5644609241300628 0.7963112275750857 0.5593268682258985 0.7982261640798226 0.5551911009697661 0.7982261640798226 0.5531945236737023 0.7980245918161661 0.5497718197375927 0.7960088691796009 0.5432116371933827 0.7922797823019553 0.5376497432972048 0.7882483370288248 0.5342270393610953 0.7842168917556944 0.5342270393610953 0.7811933078008466 0.5365088419851682 0.7718201975408184 0.55718767826583 0.7714170530135054 0.5611808328579578 0.7726264865954444 0.5654592127780947 0.7736343479137271 0.5654592127780947 0.7799838742189075 0.5641756988020536 0.7884499092924814 0.5644609241300628
1 0.7649667405764967 0.49557900741585853 0.7649667405764967 0.4907301768397034 0.7638580931263859 0.4883057615516258 0.7590203587986293 0.48459783228750714 0.7525700463616206 0.4831717056474615 0.7491433178794598 0.48488305761551626 0.7466236645837533 0.4887335995436395 0.7458173755291272 0.4932972047917855 0.7464220923200967 0.4995721620079863 0.751562185043338 0.5091272104962921 0.7535779076799033 0.5108385624643468 0.7573069945575489 0.5112664004563605 0.7611368675670228 0.5064175698802054 0.7649667405764967 0.49557900741585853
1 0.7802862326143922 0.46135196805476325 0.782100382987301 0.45536223616657157 0.7825035275146139 0.44965772960638906 0.7802862326143922 0.44366799771819737 0.7761540012094336 0.43839132915002854 0.7725257004636162 0.4361095265259555 0.766276960290264 0.43667997718197377 0.7634549485990728 0.4389617798060468 0.7609352953033662 0.44366799771819737 0.7607337230397098 0.45279520821448943 0.762346301148962 0.45792926411865376 0.7652690989719815 0.4632059326868226 0.7690989719814554 0.46662863662293214 0.7730296311227575 0.46734169994295494 0.7767587180004032 0.46605818596691384 0.7802862326143922 0.46135196805476325
1 0.7740374924410401 0.4060182544209926 0.7736343479137271 0.3997432972047918 0.7676879661358597 0.39161437535653165 0.7650675267083249 0.3899030233884769 0.7608345091715379 0.390188248716486 0.7578109252166901 0.3933257273245864 0.7567022777665793 0.3960353679406731 0.7567022777665793 0.40544780376497436 0.7592219310622859 0.4098687963491158 0.7634549485990728 0.41386195094124356 0.7691997581132836 0.41486023958927554 0.7730296311227575 0.4102966343411295 0.7740374924410401 0.4060182544209926
1 0.8268494255190486 0.42969195664575016 0.8268494255190486 0.4219908727895037 0.8280588591009878 0.41742726754135767 0.8276557145736747 0.4125784369652025 0.8265470671235639 0.41015402167712495 0.8235234831687159 0.40730176839703364 0.8204998992138681 0.4064460924130063 0.8156621648861117 0.4070165430690245 0.8122354364039508 0.40929834569309753 0.8095142108445877 0.413719338277239 0.8074984882080226 0.42142042213348546 0.8079016327353357 0.42741015402167715 0.8132432977222335 0.43354249857387334 0.8186857488409595 0.43553907586993723 0.821205402136666 0.43539646320593267 0.8251360612779681 0.4332572732458642 0.8268494255190486 0.42969195664575016
1 0.8167708123362225 0.5218197375926983 0.8187865349727877 0.5166856816885339 0.8197943962910703 0.5112664004563605 0.8197943962910703 0.5044209925841415 0.8169723845998791 0.48844837421563037 0.8158637371497682 0.4857387335995436 0.8118322918766377 0.48716486023958927 0.8064906268897399 0.49472333143183117 0.8012497480346704 0.5052766685681689 0.801048175771014 0.5109811751283514 0.8040717597258618 0.5178265830005705 0.8067929852852248 0.5213918996006845 0.8123362225357791 0.5241015402167712 0.8154605926224552 0.5233884768967484 0.8167708123362225 0.5218197375926983
1 0.8254384196734529 0.7049343981745579 0.8268494255190486 0.6995151169423844 0.8264462809917356 0.6943810610382202 0.8236242693005442 0.6835424985738734 0.8197943962910703 0.6747005134055905 0.8158637371497682 0.674843126069595 0.8101189276355574 0.6886765544780377 0.8091110663172747 0.6932401597261837 0.8095142108445877 0.6992298916143753 0.8140495867768595 0.7050770108385624 0.8206006853456964 0.70750142612664 0.8235234831687159 0.7067883628066173 0.8254384196734529 0.7049343981745579
1 0.7903648457972183 0.6935253850541928 0.7903648457972183 0.6869652025099829 0.7851239669421488 0.6772675413576725 0.7807901632735336 0.6717056474614945 0.7771618625277162 0.6699942954934398 0.7741382785728683 0.6714204221334854 0.7718201975408184 0.6749857387335996 0.7708123362225358 0.680405019965773 0.7712154807498488 0.6881061038220194 0.772424914331788 0.691528807758129 0.7743398508365249 0.6939532230462065 0.779782301955251 0.6970907016543069 0.7851239669421488 0.698374215630348 0.7880467647651683 0.6970907016543069 0.7903648457972183 0.6935253850541928
1 0.7385607740374924 0.6652880775812893 0.7375529127192099 0.6421848260125499 0.7336222535779077 0.6391899600684541 0.7259625075589599 0.6394751853964632 0.7210239870993751 0.6461779806046777 0.719814553517436 0.6493154592127781 0.719411408990123 0.655875641756988 0.7216287038903447 0.6621505989731888 0.7249546462406773 0.6665715915573303 0.7293892360411207 0.6697090701654307 0.7335214674460794 0.6695664575014262 0.7374521265873816 0.6674272675413577 0.7385607740374924 0.6652880775812893
1 0.6415037290868777 0.6326297775242442 0.6444265269098972 0.6270678836280662 0.6446280991735537 0.6213633770678836 0.6430155210643016 0.6162293211637193 0.640092723241282 0.6123787792355961 0.6356581334408385 0.6092413006274957 0.6310219713767385 0.6106674272675413 0.6260834509171538 0.6170849971477467 0.6240677282805885 0.6216486023958927 0.6236645837532756 0.6276383342840844 0.6256803063898407 0.6327723901882487 0.6238661560169321 0.6390473474044495 0.625377947994356 0.6420422133485454 0.6278976012900624 0.642470051340559 0.6360612779681516 0.6383342840844267 0.6415037290868777 0.6326297775242442
1 0.47127595242894577 0.6387621220764403 0.4708728079016327 0.6324871648602396 0.46905865752872405 0.6270678836280662 0.46653900423301753 0.623502567027952 0.4627091312235436 0.6220764403879064 0.46008869179600886 0.6240730176839704 0.454343882281798 0.6319167142042214 0.4515218705906067 0.6373359954363947 0.4513202983269502 0.6393325727324587 0.4526305180407176 0.6440387906446092 0.46291070348720015 0.6477467199087279 0.46684136262850234 0.6478893325727325 0.4702680911106632 0.6438961779806047 0.47127595242894577 0.6387621220764403
1 0.5399113082039911 0.6574443810610382 0.5424309614996976 0.6527381631488877 0.5428341060270107 0.6484597832287508 0.541423100181415 0.6433257273245864 0.5335617818988108 0.6270678836280662 0.5296311227575086 0.6257843696520251 0.5271114694618021 0.633342840844267 0.525902035879863 0.6436109526525956 0.5257004636162064 0.6553051911009697 0.5270106833299738 0.6605818596691386 0.5294295504938521 0.6625784369652025 0.531344486998589 0.662435824301198 0.5366861519854867 0.6605818596691386 0.5399113082039911 0.6574443810610382
1 0.5609756097560976 0.6846833998859099 0.5611771820197541 0.6769823160296634 0.5578512396694215 0.6714204221334854 0.5530135053416649 0.6694238448374216 0.5491836323321911 0.6714204221334854 0.5468655513001411 0.6752709640616087 0.5446482563999193 0.682686822589846 0.5446482563999193 0.6881061038220194 0.5464624067728281 0.6932401597261837 0.5491836323321911 0.697375926982316 0.5531142914734932 0.6995151169423844 0.5571457367466237 0.6978037649743297 0.5609756097560976 0.6846833998859099
1 0.5914130215682322 0.6718482601254991 0.5918161660955452 0.6658585282373075 0.5912114493045757 0.660439247005134 0.5891957266680105 0.6555904164289789 0.5846603507357387 0.6508841985168283 0.5810320499899214 0.6503137478608101 0.5788147550896997 0.6514546491728466 0.5761943156621648 0.6548773531089561 0.5715581535980649 0.6554478037649744 0.5708526506752671 0.6607244723331431 0.5752872404757106 0.6775527666856817 0.5794194718806692 0.6828294352538505 0.5849627091312235 0.6829720479178552 0.5885910098770409 0.6795493439817456 0.5914130215682322 0.6718482601254991
1 0.6109655311429147 0.7337421563034797 0.6121749647248539 0.7283228750713063 0.6113686756702278 0.7217626925270965 0.6076395887925822 0.7164860239589276 0.6007861318282605 0.7096406160867085 0.5901028018544648 0.7102110667427267 0.5906067325136062 0.7160581859669138 0.5916145938318887 0.7177695379349687 0.5932271719411409 0.7263262977752425 0.5962507558959887 0.7328864803194524 0.6001814150372908 0.7387335995436395 0.6049183632332191 0.7400171135196806 0.6078411610562386 0.7390188248716486 0.6109655311429147 0.7337421563034797
1 0.6414029429550494 0.70750142612664 0.6422092320096755 0.7049343981745579 0.6420076597460189 0.6995151169423844 0.6379762144728885 0.6855390758699372 0.6356581334408385 0.6833998859098688 0.6314251159040516 0.6833998859098688 0.6288046764765168 0.6853964632059327 0.6260834509171538 0.6898174557900741 0.6248740173352146 0.6932401597261837 0.6250755895988712 0.6986594409583571 0.6298125377947994 0.708499714774672 0.6334408385406168 0.7119224187107815 0.6361620640999799 0.7126354820308043 0.6394880064503125 0.710781517398745 0.6414029429550494 0.70750142612664
1 0.6728482160854666 0.7491443240159726 0.6732513606127797 0.7422989161437535 0.6726466438218102 0.7377353108956075 0.668715984680508 0.7270393610952652 0.6667002620439427 0.7256132344552196 0.6626688167708124 0.7258984597832288 0.6588389437613384 0.7281802624073017 0.6545051400927232 0.7328864803194524 0.6512799838742189 0.7391614375356532 0.6500705502922798 0.7440102681118084 0.6515823422697037 0.7467199087278951 0.6548074984882081 0.749001711351968 0.6632735335617819 0.7524244152880776 0.6676073372303971 0.7525670279520822 0.6707317073170732 0.7515687393040502 0.6728482160854666 0.7491443240159726
1 0.6651884700665188 0.6772675413576725 0.6653900423301754 0.6658585282373075 0.6628703890344688 0.6620079863091842 0.6509776254787342 0.6651454649172847 0.6484579721830276 0.6678551055333714 0.647046966337432 0.6712778094694809 0.647046966337432 0.6772675413576725 0.6490626889739972 0.6829720479178552 0.6542027816972384 0.688533941814033 0.6593428744204798 0.6886765544780377 0.6629711751662971 0.6855390758699372 0.6651884700665188 0.6772675413576725
1 0.6992541826244709 0.7214774671990872 0.6998588994154404 0.7152025099828865 0.6990526103608143 0.709498003422704 0.6976416045152187 0.7049343981745579 0.6935093731102601 0.6985168282943526 0.6904857891554123 0.6956645750142613 0.6864543438822818 0.695094124358243 0.6829268292682927 0.6992298916143753 0.6805079621044144 0.7049343981745579 0.6799032453134448 0.7106389047347405 0.6809111066317275 0.7183399885909869 0.6866559161459383 0.7253280091272105 0.6902842168917557 0.7270393610952652 0.6948195928240274 0.7268967484312607 0.697339246119734 0.7250427837992014 0.6992541826244709 0.7214774671990872
1 0.7256601491634751 0.7049343981745579 0.7256601491634751 0.6938106103822019 0.7217294900221729 0.6728465487735311 0.717899617012699 0.6734169994295494 0.7137673856077403 0.6801197946377638 0.710139084861923 0.6883913291500285 0.7089296512799839 0.694095835710211 0.7087280790163274 0.6998003422703936 0.7107438016528925 0.7060752994865944 0.7136665994759122 0.7093553907586994 0.7184035476718403 0.7114945807187678 0.7231404958677686 0.7104962920707358 0.7256601491634751 0.7049343981745579
1 0.6974400322515621 0.7548488305761551 0.6970368877242491 0.7491443240159726 0.6946180205603709 0.7442954934398175 0.6906873614190687 0.739874500855676 0.6864543438822818 0.7370222475755848 0.6824228986091514 0.7370222475755848 0.6798024591816166 0.7390188248716486 0.6770812336222536 0.7440102681118084 0.6762749445676275 0.7480034227039362 0.6762749445676275 0.7548488305761551 0.6784922394678492 0.7614090131203651 0.6812134650272123 0.7655447803764974 0.6869582745414231 0.767969195664575 0.6960290264059665 0.7616942384483743 0.6974400322515621 0.7548488305761551
1 0.753073977020762 0.7659726183685112 0.7532755492844184 0.7596976611523103 0.7516629711751663 0.7548488305761551 0.7481354565611772 0.749001711351968 0.7451118726063294 0.7461494580718768 0.741886716387825 0.7450085567598402 0.7394678492239468 0.7455790074158585 0.7371497681918968 0.7480034227039362 0.7347309010280185 0.754563605248146 0.7327151783914533 0.7654021677124929 0.7325136061277968 0.7719623502567028 0.7333198951824229 0.7765259555048488 0.7385607740374924 0.7770964061608671 0.7487401733521467 0.7726754135767256 0.753073977020762 0.7659726183685112
1 0.7760532150776053 0.7400171135196806 0.7780689377141705 0.7328864803194524 0.7786736545051401 0.7268967484312607 0.777464220923201 0.7226183685111238 0.7737351340455554 0.7179121505989732 0.7686958274541423 0.7156303479749002 0.7638580931263859 0.7159155733029093 0.7610360814351945 0.7173416999429549 0.7589195726668011 0.720907016543069 0.7587180004031445 0.727467199087279 0.7629510179399315 0.7465772960638904 0.7646643821810118 0.7481460353679407 0.7691997581132836 0.7485738733599544 0.7725257004636162 0.7461494580718768 0.7760532150776053 0.7400171135196806
1 0.350634952630518 0.7441528807758129 0.35517032856278974 0.7380205362236166 0.35597661761741584 0.7340273816314888 0.3557750453537593 0.7271819737592699 0.35396089498085065 0.7217626925270965 0.34942551904857894 0.7170564746149458 0.34499092924813546 0.7170564746149458 0.3417657730296311 0.7193382772390188 0.3384398306792985 0.7249001711351968 0.3372303970973594 0.7303194523673702 0.33763354162467246 0.7383057615516257 0.3392461197339246 0.7431545921277809 0.3417657730296311 0.7458642327438677 0.34549485990727674 0.7471477467199087 0.3490223745212659 0.7461494580718768 0.350634952630518 0.7441528807758129
1 0.38520459584761135 0.7143468339988591 0.38822817980245916 0.7043639475185397 0.3884297520661157 0.6963776383342841 0.3871195323523483 0.6933827723901882 0.38530538197943964 0.6922418710781517 0.37583148558758317 0.6902452937820879 0.3721023987099375 0.6935253850541928 0.3698851038097158 0.7052196235025671 0.3762346301148962 0.7167712492869367 0.38077000604716793 0.7191956645750143 0.38369280387018745 0.7176269252709641 0.38520459584761135 0.7143468339988591
1 0.4366055230800242 0.7257558471192241 0.43841967345293287 0.720907016543069 0.4388228179802459 0.7134911580148318 0.43821810118927634 0.7092127780946949 0.4364039508163677 0.7049343981745579 0.4314654303567829 0.7010838562464347 0.42783712961096554 0.7025099828864804 0.42320096754686554 0.7087849401026811 0.4187663777464221 0.7124928693667998 0.4176577302963112 0.7160581859669138 0.4197742390647047 0.719623502567028 0.427635557347309 0.7278950370792926 0.4319693610159242 0.7291785510553337 0.43549687562991335 0.7276098117512835 0.4366055230800242 0.7257558471192241
1 0.4775246926022979 0.7377353108956075 0.4789356984478936 0.7326012549914432 0.47873412618423705 0.7268967484312607 0.4773231203386414 0.7226183685111238 0.4746018947792784 0.7179121505989732 0.47117516629711753 0.7153451226468911 0.46674057649667405 0.7167712492869367 0.4638177786736545 0.7214774671990872 0.46079419471880667 0.7371648602395893 0.4628099173553719 0.7480034227039362 0.4628099173553719 0.7554192812321734 0.46684136262850234 0.7557045065601825 0.47208224148357186 0.7451511694238449 0.4775246926022979 0.7377353108956075
1 0.5037290868776456 0.7494295493439818 0.5051400927232412 0.7445807187678266 0.5053416649868978 0.7374500855675984 0.5047369481959283 0.7311751283513976 0.5013102197137674 0.7203365658870508 0.4997984277363435 0.7173416999429549 0.4979842773634348 0.7162007986309185 0.4956661963313848 0.7189104392470052 0.4878048780487805 0.7337421563034797 0.48619229993952834 0.7383057615516257 0.4859907276758718 0.7440102681118084 0.4878048780487805 0.7488590986879635 0.49072767587180005 0.7518539646320593 0.4941544043539609 0.7538505419281232 0.49828663575891957 0.7539931545921278 0.5014110058455956 0.7524244152880776 0.5037290868776456 0.7494295493439818
1 0.27766579318685747 0.7721049629207074 0.28310824430558357 0.7666856816885339 0.28522475307397704 0.7625499144324016 0.2850231808103205 0.7528522532800913 0.2810925216690183 0.7461494580718768 0.2788752267687966 0.744438106103822 0.27444063696835314 0.7450085567598402 0.2666801048175771 0.7574158585282373 0.2660753880266075 0.7599828864803194 0.2666801048175771 0.7728180262407301 0.26799032453134447 0.7749572162007986 0.27111469461802057 0.7756702795208215 0.27464220923200966 0.7746719908727895 0.27766579318685747 0.7721049629207074
1 0.3178794597863334 0.8133200228180263 0.32029832695021165 0.8064746149458072 0.32251562185043336 0.7939247005134056 0.32251562185043336 0.787934968625214 0.3217093327958073 0.7850827153451226 0.3189881072364443 0.7815173987450086 0.31515823422697037 0.7800912721049629 0.3109252166901834 0.7809469480889903 0.30749848820802256 0.7835139760410724 0.30578512396694213 0.78593839132915 0.30296311227575085 0.7944951511694238 0.30296311227575085 0.7996292070735881 0.30578512396694213 0.808471192241871 0.31213465027212256 0.816029663434113 0.31425115904051604 0.817313177410154 0.31656924007256604 0.816029663434113 0.3178794597863334 0.8133200228180263
1 0.374622052005644 0.8014831717056474 0.3795605724652288 0.7933542498573873 0.38097157831082445 0.7890758699372504 0.3805684337835114 0.7833713633770679 0.37915742793791574 0.7796634341129492 0.3772424914331788 0.7766685681688534 0.37300947389639183 0.7729606389047348 0.36877645635960493 0.773531089560753 0.36615601693207017 0.7763833428408443 0.3632332191090506 0.7822304620650313 0.3624269300544245 0.7870792926411866 0.36202378552711145 0.7939247005134056 0.3632332191090506 0.7982030804335425 0.3667607337230397 0.802624073017684 0.3692803870187462 0.8036223616657159 0.37280790163273536 0.8031945236737023 0.374622052005644 0.8014831717056474
1 0.4007256601491635 0.7696805476326298 0.40233823825841564 0.761123787792356 0.4021366659947591 0.754563605248146 0.4007256601491635 0.7494295493439818 0.39639185648054825 0.7452937820878494 0.3929651279983874 0.744438106103822 0.3879258214069744 0.7447233314318311 0.3804676476516831 0.7478608100399315 0.3797621447288853 0.7491443240159726 0.3803668615198549 0.754563605248146 0.38379359000201574 0.7682544209925841 0.388530538197944 0.7752424415288077 0.39266276960290264 0.7770964061608671 0.3967950010078613 0.7760981175128352 0.4007256601491635 0.7696805476326298
1 0.4214876033057851 0.8044780376497433 0.4222938923604112 0.8007701083856247 0.42168917556944163 0.7942099258414147 0.41967345293287645 0.787934968625214 0.4171537996371699 0.7840844266970907 0.4157427937915743 0.7829435253850542 0.4119129207821004 0.7829435253850542 0.40687361419068735 0.7875071306332002 0.4047571054222939 0.7910724472333143 0.40253981052207216 0.7987735310895607 0.4029429550493852 0.8047632629777525 0.40465631929046564 0.8083285795778665 0.41352549889135254 0.816029663434113 0.4157427937915743 0.8177410154021677 0.41987502519653297 0.8178836280661723 0.42168917556944163 0.8113234455219623 0.4214876033057851 0.8044780376497433
1 0.44668413626285025 0.7967769537934969 0.4491030034267285 0.7882201939532231 0.4491030034267285 0.7822304620650313 0.4476919975811328 0.7773816314888762 0.44335819391251763 0.7721049629207074 0.4356984478935698 0.7675413576725614 0.4332795807296916 0.7678265830005705 0.43156621648861115 0.7705362236166572 0.43156621648861115 0.7779520821448944 0.43317879459786335 0.7882201939532231 0.4357992340253981 0.797062179121506 0.439629107034872 0.8007701083856247 0.4431566216488611 0.8006274957216201 0.44668413626285025 0.7967769537934969
1 0.5044345898004434 0.8069024529378209 0.507357387623463 0.8024814603536794 0.5085668212054021 0.7987735310895607 0.5087683934690587 0.7887906446092413 0.5071558153598065 0.7825156873930404 0.5040314452731304 0.7766685681688534 0.5014110058455956 0.7743867655447804 0.49758113283612176 0.7738163148887621 0.4931465430356783 0.7769537934968626 0.49062688973997176 0.7816600114090131 0.4886111671034066 0.787934968625214 0.4888127393670631 0.7939247005134056 0.4916347510582544 0.8010553337136338 0.49576698246321305 0.8069024529378209 0.4979842773634348 0.8091842555618939 0.5005039306591413 0.8090416428978894 0.5022172949002217 0.8088990302338848 0.5044345898004434 0.8069024529378209
1 0.5454545454545454 0.78593839132915 0.5464624067728281 0.7828009127210497 0.5466639790364846 0.7768111808328579 0.545252973190889 0.7676839703365659 0.5430356782906672 0.7605533371363377 0.5398105220721628 0.7539931545921278 0.5372908687764564 0.7521391899600685 0.5334609957669825 0.7561323445521962 0.5293287643620238 0.7585567598402738 0.5279177585164282 0.7648317170564746 0.5277161862527716 0.7713918996006845 0.5295303366256803 0.7822304620650313 0.5311429147349325 0.7856531660011409 0.534468857085265 0.789218482601255 0.5379963716992542 0.7902167712492869 0.5431364644224954 0.7886480319452367 0.5454545454545454 0.78593839132915
1 0.6790969562588188 0.8113234455219623 0.6786938117315058 0.8047632629777525 0.676073372303971 0.7950656018254421 0.6746623664583753 0.7916428978893326 0.6707317073170732 0.786936679977182 0.6667002620439427 0.7863662293211637 0.6642813948800645 0.7877923559612093 0.6605523080024188 0.7950656018254421 0.6601491634751058 0.8001996577296064 0.6609554525297319 0.8047632629777525 0.6669018343075993 0.816029663434113 0.6743600080628905 0.8217341699942955 0.6764765168312841 0.8215915573302909 0.6786938117315058 0.8201654306902453 0.6790969562588188 0.8113234455219623
1 0.7710139084861923 0.8538220193953223 0.7716186252771619 0.8498288648031945 0.7712154807498488 0.8435539075869938 0.7694013303769401 0.8381346263548203 0.7656722434992945 0.8322875071306332 0.7610360814351945 0.8297204791785511 0.7555936303164684 0.8285795778665146 0.7529731908889337 0.8265830005704506 0.7491433178794598 0.8260125499144324 0.7475307397702076 0.8268682258984598 0.7464220923200967 0.830718767826583 0.7464220923200967 0.8344266970907016 0.7502519653295706 0.8512549914432401 0.7578109252166901 0.8616657159155733 0.760431364644225 0.8633770678836281 0.7647651683128401 0.8632344552196235 0.768191896795001 0.8600969766115231 0.7710139084861923 0.8538220193953223
1 0.8351138883289659 0.8007701083856247 0.8361217496472485 0.7939247005134056 0.835517032856279 0.787934968625214 0.8332997379560573 0.7830861380490588 0.8297722233420681 0.7783799201369082 0.8275549284418464 0.7772390188248717 0.8235234831687159 0.7772390188248717 0.8196936101592421 0.7795208214489446 0.8181818181818182 0.7825156873930404 0.8175771013908486 0.7876497432972048 0.8181818181818182 0.7933542498573873 0.8197943962910703 0.7984883057615516 0.8221124773231203 0.8020536223616657 0.8276557145736747 0.8053337136337707 0.8315863737149768 0.8046206503137479 0.8351138883289659 0.8007701083856247