4 0.30961499697641603 0.7816600114090131 0.3100181415037291 0.7756702795208215 0.30901028018544646 0.7705362236166572 0.3055835517032856 0.763405590416429 0.29842773634347913 0.7547062179121506 0.2941947188066922 0.755561893896178 0.2916750655109857 0.7602681118083285 0.2906672041927031 0.7648317170564746 0.29328764362023785 0.7825156873930404 0.2954041523886313 0.7843696520250998 0.3065914130215682 0.78593839132915 0.30810320499899213 0.7852253280091273 0.30961499697641603 0.7816600114090131
4 0.28260431364644223 0.7685396463205932 0.28462003628300747 0.7631203650884198 0.2850231808103205 0.7591272104962921 0.282503527514614 0.7529948659440958 0.27847208224148357 0.7512835139760411 0.27232412819995966 0.7602681118083285 0.27111469461802057 0.7659726183685112 0.2748437814956662 0.7723901882487165 0.27897601290062485 0.7728180262407301 0.2808909494053618 0.771534512264689 0.28260431364644223 0.7685396463205932
4 0.3071961298125378 0.6998003422703936 0.3065914130215682 0.6938106103822019 0.30528119330780085 0.6916714204221335 0.3020560370892965 0.6891043924700513 0.29862930860713566 0.6893896177980605 0.2950010078613183 0.6911009697661152 0.2922797823019552 0.6938106103822019 0.29207821003829876 0.6995151169423844 0.2943962910703487 0.7033656588705077 0.29782301955250956 0.7056474614945807 0.3023583954847813 0.7057900741585853 0.30548276557145737 0.7036508841985168 0.3071961298125378 0.6998003422703936
4 0.3667607337230397 0.7495721620079863 0.3698851038097158 0.7440102681118084 0.3706913928643419 0.7383057615516257 0.36887724249143317 0.7323160296634341 0.36716387825035274 0.7296063890473474 0.364543438822818 0.7267541357672561 0.3609151380770006 0.7256132344552196 0.352953033662568 0.7368796349115802 0.35093731102600284 0.7431545921277809 0.3532553920580528 0.7492869366799771 0.3570852650675267 0.7529948659440958 0.3587986293086071 0.7528522532800913 0.3611167103406571 0.7527096406160867 0.3667607337230397 0.7495721620079863
4 0.36948195928240274 0.745436394751854 0.37048982060068536 0.7380205362236166 0.3690788147550897 0.7323160296634341 0.36514815561378755 0.7267541357672561 0.3631324329772223 0.7253280091272105 0.360310421286031 0.7204791785510554 0.3534569643217093 0.7181973759269823 0.3474097964120137 0.7190530519110097 0.34569643217093327 0.7223331431831147 0.34630114896190284 0.7306046776953794 0.34882080225760936 0.7321734169994295 0.3530538197943963 0.7313177410154021 0.35537190082644626 0.7326012549914432 0.35113888328965936 0.7425841414717627 0.352549889135255 0.7482886480319453 0.35688369280387017 0.7527096406160867 0.3610159242088289 0.7525670279520822 0.36716387825035274 0.7492869366799771 0.36948195928240274 0.745436394751854
4 0.3892360411207418 0.7103536794067313 0.3900423301753679 0.7057900741585853 0.3900423301753679 0.6938106103822019 0.3892360411207418 0.6886765544780377 0.38752267687966135 0.6862521391899601 0.38470066518847007 0.6845407872219053 0.3762346301148962 0.6851112378779236 0.37250554323725055 0.6886765544780377 0.37109453739165493 0.6932401597261837 0.3706913928643419 0.6998003422703936 0.3712961096553114 0.7035082715345122 0.37704091916952226 0.7127780946948089 0.3802660753880266 0.7147746719908727 0.3827857286837331 0.7146320593268682 0.38611167103406574 0.7136337706788363 0.3892360411207418 0.7103536794067313
4 0.40999798427736345 0.6998003422703936 0.4118121346502721 0.6938106103822019 0.4118121346502721 0.6878208784940103 0.4052610360814352 0.6776953793496863 0.3998185849627091 0.6754135767256132 0.39639185648054825 0.6774101540216771 0.3932674863938722 0.682686822589846 0.39266276960290264 0.6923844837421563 0.3932674863938722 0.6958071876782659 0.39588792582140697 0.7015116942384484 0.39901229590808307 0.7045065601825442 0.401330376940133 0.7046491728465488 0.4080830477726265 0.7022247575584712 0.40999798427736345 0.6998003422703936
4 0.4388228179802459 0.7833713633770679 0.4380165289256198 0.7742441528807759 0.43549687562991335 0.7698231602966343 0.43106228582946987 0.7695379349686252 0.42783712961096554 0.7706788362806617 0.4261237653698851 0.772532800912721 0.42491433178794596 0.7765259555048488 0.42632533763354163 0.7916428978893326 0.4274339850836525 0.7929264118653736 0.4317677887522677 0.7930690245293782 0.437311026002822 0.7883628066172276 0.4388228179802459 0.7833713633770679
4 0.43237250554323725 0.8079007415858528 0.4327756500705503 0.8041928123217341 0.43156621648861115 0.7967769537934969 0.427635557347309 0.7926411865373645 0.4236041120741786 0.7932116371933827 0.41886716387825035 0.7990587564175698 0.4192703084055634 0.8044780376497433 0.4258214069744003 0.8103251568739304 0.4281394880064503 0.8110382201939532 0.4312638580931264 0.8103251568739304 0.43237250554323725 0.8079007415858528
4 0.4634146341463415 0.8769252709640616 0.4627091312235436 0.8756417569880205 0.4567627494456763 0.8769252709640616 0.4571658939729893 0.8806332002281803 0.45998790566418063 0.8814888762122076 0.46301148961902844 0.8803479749001711 0.4634146341463415 0.8769252709640616
4 0.4424511187260633 0.7591272104962921 0.44134247127595244 0.7581289218482601 0.4391251763757307 0.757843696520251 0.4357992340253981 0.7602681118083285 0.4366055230800242 0.7654021677124929 0.4394275347712155 0.7665430690245294 0.4426526909897198 0.7608385624643468 0.4424511187260633 0.7591272104962921
4 0.24319693610159243 0.6155162578436966 0.24611973392461198 0.6105248146035368 0.24712759524289457 0.6048203080433543 0.24501108647450112 0.5995436394751854 0.239165490828462 0.5978322875071307 0.23543640395081636 0.6031089560752995 0.23342068131425117 0.6105248146035368 0.23261439225962507 0.6182258984597833 0.2333198951824229 0.6217912150598973 0.2358395484781294 0.6219338277239019 0.23936706309211853 0.6177980604677695 0.24319693610159243 0.6155162578436966
4 0.34146341463414637 0.6430405019965773 0.3402539810522072 0.6381916714204221 0.33592017738359203 0.6340559041642898 0.33309816569240075 0.6334854535082716 0.3298730094738964 0.6349115801483172 0.32695021165087684 0.640188248716486 0.32614392259625075 0.6456075299486594 0.3272525700463616 0.6477467199087279 0.3301753678693812 0.6478893325727325 0.3407579117113485 0.6454649172846548 0.34146341463414637 0.6430405019965773
4 0.3565813344083854 0.6119509412435824 0.35678290667204193 0.6053907586993725 0.3530538197943963 0.6003993154592128 0.3492239467849224 0.5989731888191672 0.34630114896190284 0.6031089560752995 0.3440838540616811 0.6102395892755277 0.3440838540616811 0.6165145464917284 0.345192501511792 0.6183685111237878 0.3460995766982463 0.6182258984597833 0.35265067526708327 0.6172276098117513 0.3565813344083854 0.6119509412435824
4 0.3520459584761137 0.5907016543069025 0.3535577504535376 0.5879920136908158 0.3545656117718202 0.5834284084426697 0.35396089498085065 0.577438676554478 0.3492239467849224 0.5733029092983457 0.34579721830276156 0.5735881346263548 0.34337835113888326 0.5752994865944095 0.34146341463414637 0.5780091272104962 0.34045555331586375 0.582002281802624 0.34146341463414637 0.5911294922989161 0.34569643217093327 0.5942669709070165 0.3490223745212659 0.5935539075869938 0.3520459584761137 0.5907016543069025
4 0.3217093327958073 0.5848545350827153 0.32231404958677684 0.5762977752424415 0.32100382987300946 0.5735881346263548 0.31777867365450513 0.5730176839703366 0.3162668816770812 0.575156873930405 0.31425115904051604 0.5828579577866515 0.3148558758314856 0.5882772390188249 0.3178794597863334 0.5897033656588705 0.31979439629107037 0.5884198516828294 0.3217093327958073 0.5848545350827153
4 0.33148558758314856 0.5661722760981175 0.3325942350332594 0.5606103822019395 0.32765571457367465 0.5564746149458072 0.3242289860915138 0.5553337136337707 0.321205402136666 0.5553337136337707 0.3173755291271921 0.5581859669138619 0.3160653094134247 0.5603251568739304 0.31566216488611165 0.5631774101540217 0.3162668816770812 0.5714489446662864 0.31777867365450513 0.5735881346263548 0.3217093327958073 0.5743011979463777 0.32624470872807904 0.5715915573302909 0.33148558758314856 0.5661722760981175
4 0.2328159645232816 0.5218197375926983 0.23110260028220117 0.5185396463205932 0.22727272727272727 0.5168282943525385 0.22475307397702077 0.5192527096406161 0.22374521265873815 0.521534512264689 0.22374521265873815 0.5241015402167712 0.22424914331787946 0.5273816314888762 0.22777665793186858 0.528094694808899 0.23150574480951422 0.5273816314888762 0.2328159645232816 0.5218197375926983
4 0.25599677484378147 0.5289503707929264 0.2549889135254989 0.5218197375926983 0.2532755492844185 0.519965772960639 0.2508566821205402 0.5196805476326298 0.24753073977020762 0.5269537934968626 0.24773231203386414 0.5295208214489446 0.24924410401128805 0.5319452367370222 0.25519048578915543 0.5332287507130633 0.25599677484378147 0.5326583000570451 0.25599677484378147 0.5289503707929264
4 0.24874017335214674 0.5155447803764974 0.2503527514613989 0.5064175698802054 0.24984882080225762 0.49942954934398176 0.24682523684740978 0.49914432401597264 0.24360008062890545 0.5022818026240731 0.24168514412416853 0.5052766685681689 0.24007256601491636 0.5104107244723332 0.23886313243297722 0.5161152310325157 0.23926627696029026 0.518967484312607 0.24118121346502722 0.5205362236166572 0.24370086676073371 0.5206788362806617 0.2470268091110663 0.5185396463205932 0.24874017335214674 0.5155447803764974
4 0.29107034872001614 0.5106959498003423 0.29187663777464223 0.5044209925841415 0.2901632735335618 0.4980034227039361 0.2816972384599879 0.4980034227039361 0.2749445676274945 0.5052766685681689 0.27554928441846405 0.5075584711922418 0.27847208224148357 0.5102681118083285 0.2802862326143923 0.5136908157444381 0.2838137472283814 0.5146891043924701 0.28673654505140095 0.5142612664004563 0.29107034872001614 0.5106959498003423
4 0.3340052408788551 0.5523388476896749 0.3342068131425116 0.548060467769538 0.333198951824229 0.5420707358813462 0.3317879459786333 0.5386480319452367 0.32946986494658337 0.5362236166571591 0.32483370288248337 0.5350827153451226 0.3227171941140899 0.5389332572732458 0.3257407780689377 0.5457786651454649 0.3275549284418464 0.5529092983456931 0.32946986494658337 0.5547632629777525 0.33078008466035075 0.5546206503137479 0.3332997379560573 0.5544780376497433 0.3340052408788551 0.5523388476896749
4 0.37613384398306793 0.5600399315459212 0.37552912719209836 0.554905875641757 0.37280790163273536 0.5499144324015972 0.36877645635960493 0.5496292070735881 0.36283007458173755 0.5554763262977752 0.3616206409997984 0.5606103822019395 0.3685748840959484 0.5715915573302909 0.37270711550090707 0.5720193953223046 0.3757306994557549 0.5663148887621221 0.37613384398306793 0.5600399315459212
4 0.39346905865752874 0.5771534512264689 0.38832896593428745 0.5678836280661723 0.38369280387018745 0.567313177410154 0.38097157831082445 0.5714489446662864 0.3805684337835114 0.5782943525385055 0.384297520661157 0.5835710211066742 0.3892360411207418 0.5842840844266971 0.39367063092118526 0.5825727324586423 0.39346905865752874 0.5771534512264689
4 0.40153194920378954 0.6148031945236737 0.40022172949002216 0.6095265259555048 0.39598871195323526 0.6086708499714775 0.39367063092118526 0.6105248146035368 0.3932674863938722 0.6179406731317741 0.3944769199758113 0.6273531089560753 0.39669421487603307 0.62906446092413 0.3989115097762548 0.626497432972048 0.40153194920378954 0.6148031945236737
4 0.4561580326547067 0.7103536794067313 0.4551501713364241 0.7049343981745579 0.45121951219512196 0.7025099828864804 0.44799435597661763 0.7062179121505989 0.4459786333400524 0.7070735881346264 0.444668413626285 0.709498003422704 0.44507155815359806 0.7152025099828865 0.44668413626285025 0.7191956645750143 0.4511187260632937 0.7206217912150599 0.45192501511791977 0.7160581859669138 0.4561580326547067 0.7103536794067313
4 0.4587784720822415 0.6376212207644039 0.4552509574682524 0.6332002281802624 0.44718806692199153 0.6314888762122076 0.4462809917355372 0.6381916714204221 0.4476919975811328 0.6493154592127781 0.45101793993146544 0.652595550484883 0.4549485990727676 0.6527381631488877 0.4597863334005241 0.6441814033086138 0.4587784720822415 0.6376212207644039
4 0.48236242693005443 0.6493154592127781 0.48246321306188267 0.643468339988591 0.47823019552509577 0.6423274386765545 0.4696633743196936 0.6493154592127781 0.46885708526506753 0.6550199657729606 0.4696633743196936 0.6610096976611524 0.4708728079016327 0.6635767256132344 0.47258617214271315 0.6625784369652025 0.48236242693005443 0.6493154592127781
4 0.49506147954041524 0.6798345693097547 0.4962709131223544 0.6712778094694809 0.4941544043539609 0.6657159155733029 0.48992138681717395 0.6648602395892755 0.4866962305986696 0.6668568168853394 0.48397500503930657 0.67156303479749 0.4827655714573675 0.6764118653736452 0.4827655714573675 0.6801197946377638 0.48316871598468053 0.682686822589846 0.4844789356984479 0.6836851112378779 0.4908284620036283 0.6855390758699372 0.49274339850836524 0.6848260125499145 0.49506147954041524 0.6798345693097547
4 0.5134045555331587 0.6955219623502567 0.5142108445877848 0.6878208784940103 0.5098770409191695 0.6776953793496863 0.5060471679096956 0.6774101540216771 0.5020157226365652 0.6825442099258414 0.4977827050997783 0.6822589845978323 0.4924410401128805 0.6938106103822019 0.49445676274944567 0.7046491728465488 0.49818584962709134 0.708499714774672 0.5025196532957065 0.7083571021106674 0.5080628905462609 0.7050770108385624 0.5134045555331587 0.6955219623502567
4 0.5295303366256803 0.8138904734740445 0.5274138278572869 0.8097547062179121 0.5231808103204999 0.8060467769537935 0.5215682322112477 0.804905875641757 0.5175367869381173 0.8046206503137479 0.5134045555331587 0.8158870507701084 0.5146139891150978 0.8210211066742726 0.5177383592017738 0.825156873930405 0.5205603708929651 0.8271534512264689 0.5261036081435194 0.8272960638904735 0.5291271920983672 0.8215915573302909 0.5295303366256803 0.8138904734740445
4 0.5930255996774844 0.8697946377638335 0.5923200967546866 0.8667997718197376 0.5882886514815562 0.8673702224757558 0.5857689981858496 0.8712207644038791 0.5845595646039105 0.8757843696520251 0.584357992340254 0.8774957216200798 0.5852650675267084 0.8793496862521392 0.5891957266680105 0.8794922989161438 0.5924208828865148 0.8769252709640616 0.5930255996774844 0.8697946377638335
4 0.59907276758718 0.893468339988591 0.5981656924007257 0.8893325727324587 0.5947389639185648 0.8887621220764403 0.5920177383592018 0.8900456360524814 0.5916145938318887 0.8937535653166001 0.5924208828865148 0.8983171705647461 0.5961499697641605 0.897033656588705 0.59907276758718 0.893468339988591
4 0.662164886111671 0.8381346263548203 0.6637774642209232 0.8318596691386195 0.6628703890344688 0.8302909298345693 0.6392864341866559 0.8300057045065602 0.6379762144728885 0.8324301197946378 0.6391856480548277 0.8404164289788933 0.6431163071961298 0.8451226468910439 0.6476516831284015 0.8452652595550485 0.6592420882886515 0.8411294922989161 0.662164886111671 0.8381346263548203
4 0.6460391050191494 0.8107529948659441 0.6456359604918364 0.805904164289789 0.6441241685144125 0.8046206503137479 0.6396895787139689 0.8066172276098118 0.637774642209232 0.8101825442099259 0.6396895787139689 0.8151739874500855 0.6432170933279581 0.8170279520821448 0.6450312437008667 0.8144609241300628 0.6460391050191494 0.8107529948659441
4 0.5813344083854062 0.7308899030233885 0.5823422697036887 0.7197661152310325 0.5813344083854062 0.7103536794067313 0.5802257609352953 0.7082144894466629 0.5761943156621648 0.706503137478608 0.5720620842572062 0.7097832287507131 0.5690385003023584 0.7214774671990872 0.5684337835113888 0.727467199087279 0.5701471477524692 0.7307472903593839 0.5725660149163475 0.7327438676554479 0.5771013908486192 0.7334569309754706 0.5802257609352953 0.7327438676554479 0.5813344083854062 0.7308899030233885
4 0.60602701068333 0.7324586423274386 0.6034065712557952 0.731032515687393 0.6004837734327757 0.7326012549914432 0.6023987099375125 0.737592698231603 0.6049183632332191 0.7380205362236166 0.6059262245515017 0.7368796349115802 0.60602701068333 0.7324586423274386
4 0.6510784116105623 0.6886765544780377 0.6508768393469059 0.6769823160296634 0.6489619028421689 0.674843126069595 0.6471477524692603 0.6745579007415858 0.6437210239870994 0.6796919566457501 0.6394880064503125 0.6825442099258414 0.6371699254182625 0.6878208784940103 0.6407982261640798 0.698374215630348 0.6434186655916146 0.7009412435824302 0.6486595444466842 0.694095835710211 0.6510784116105623 0.6886765544780377
4 0.6629711751662971 0.6952367370222475 0.6635758919572666 0.6821163719338277 0.6628703890344688 0.6799771819737592 0.655210643015521 0.6828294352538505 0.6524894174561581 0.6878208784940103 0.652086272928845 0.6943810610382202 0.6526909897198145 0.6992298916143753 0.6550090707518645 0.7016543069024529 0.6595444466841363 0.7020821448944666 0.6615601693207015 0.7003707929264119 0.6629711751662971 0.6952367370222475
4 0.6821205402136666 0.6995151169423844 0.6788953839951622 0.6938106103822019 0.6783914533360209 0.6902452937820879 0.6744607941947188 0.691528807758129 0.6738560774037492 0.7003707929264119 0.6744607941947188 0.7046491728465488 0.6752670832493449 0.7049343981745579 0.6785930255996775 0.7045065601825442 0.6821205402136666 0.6995151169423844
4 0.6113686756702278 0.637906446092413 0.6103608143519452 0.6324871648602396 0.6081435194517234 0.6253565316600114 0.6066317274742995 0.6243582430119795 0.6038097157831083 0.6243582430119795 0.5959483975005039 0.630062749572162 0.5926224551501713 0.6384768967484312 0.5930255996774844 0.6433257273245864 0.5953436807095344 0.6451796919566457 0.6001814150372908 0.6534512264689104 0.604112074178593 0.6533086138049059 0.6111671034065712 0.6436109526525956 0.6113686756702278 0.637906446092413
4 0.623059866962306 0.6099543639475186 0.6232614392259626 0.6045350827153452 0.6216488611167104 0.5996862521391899 0.6193307800846604 0.5966913861950941 0.6146946180205604 0.5949800342270394 0.6120741785930256 0.5958357102110667 0.6093529530336625 0.5996862521391899 0.6075388026607539 0.6039646320593268 0.6063293690788147 0.6122361665715915 0.6082443055835517 0.616657159155733 0.6166095545252973 0.6173702224757558 0.6220520056440234 0.6133770678836281 0.623059866962306 0.6099543639475186
4 0.6936101592420882 0.6438961779806047 0.6932070147147752 0.6381916714204221 0.6902842168917557 0.6314888762122076 0.6862527716186253 0.6317741015402167 0.6826244708728079 0.6337706788362807 0.6792985285224753 0.6384768967484312 0.6797016730497883 0.6441814033086138 0.6817173956863536 0.6493154592127781 0.6826244708728079 0.6503137478608101 0.6869582745414231 0.6504563605248146 0.6900826446280992 0.6486023958927553 0.6936101592420882 0.6438961779806047
4 0.7184035476718403 0.6672846548773531 0.7151783914533361 0.6578722190530519 0.7118524491030034 0.6534512264689104 0.7096351542027817 0.6531660011409013 0.7062084257206208 0.654592127780947 0.7022777665793187 0.660439247005134 0.7026809111066318 0.6661437535653166 0.7048982060068535 0.67156303479749 0.7136665994759122 0.677124928693668 0.7180004031445273 0.6781232173416999 0.71900826446281 0.6772675413576725 0.7184035476718403 0.6672846548773531
4 0.7286837331183229 0.6627210496292071 0.7292884499092925 0.6598687963491158 0.7280790163273534 0.6538790644609241 0.7253577907679903 0.6491728465487735 0.722132634549486 0.6466058185966914 0.7136665994759122 0.6471762692527097 0.7127595242894578 0.649030233884769 0.7131626688167708 0.6538790644609241 0.7177988308808708 0.6672846548773531 0.7191090505946381 0.6688533941814033 0.7224349929449708 0.669281232173417 0.7255593630316468 0.6688533941814033 0.7286837331183229 0.6627210496292071
4 0.7609352953033662 0.7083571021106674 0.7617415843579923 0.7052196235025671 0.7599274339850837 0.6969480889903024 0.7568030638984076 0.6925270964061608 0.7529731908889337 0.6922418710781517 0.7483370288248337 0.6936679977181974 0.7464220923200967 0.696092413006275 0.7454142310018141 0.6992298916143753 0.7448095142108446 0.7049343981745579 0.7464220923200967 0.7117798060467769 0.7489417456158033 0.7144894466628636 0.7536786938117315 0.7146320593268682 0.7592219310622859 0.710781517398745 0.7609352953033662 0.7083571021106674
4 0.7866357589195727 0.7912150598973189 0.7923805684337835 0.7839418140330862 0.79258214069744 0.7822304620650313 0.7842168917556944 0.7681118083285796 0.780185446482564 0.7672561323445521 0.772424914331788 0.7733884768967484 0.7712154807498488 0.7770964061608671 0.7710139084861923 0.7825156873930404 0.772424914331788 0.7867940673131774 0.7757508566821205 0.7909298345693098 0.781697238459988 0.7930690245293782 0.7842168917556944 0.7929264118653736 0.7866357589195727 0.7912150598973189
4 0.7891554122152792 0.6926697090701655 0.7899617012699053 0.6883913291500285 0.7803870187462205 0.6785510553337136 0.7761540012094336 0.6776953793496863 0.7721225559363032 0.6788362806617227 0.7698044749042532 0.6838277239018825 0.7696029026405966 0.6892470051340559 0.7704091916952227 0.6943810610382202 0.7725257004636162 0.697375926982316 0.7757508566821205 0.6996577296063891 0.7814956661963314 0.7009412435824302 0.7851239669421488 0.6989446662863662 0.7891554122152792 0.6926697090701655
4 0.8260431364644225 0.6815459212778094 0.8252368474097964 0.6772675413576725 0.8225156218504334 0.6714204221334854 0.8196936101592421 0.6691386195094124 0.8154605926224552 0.6685681688533942 0.8121346502721225 0.67156303479749 0.8123362225357791 0.6766970907016543 0.8146543035678291 0.6802624073017683 0.8204998992138681 0.6856816885339418 0.8238258415642008 0.6869652025099829 0.8256399919371095 0.6843981745579008 0.8260431364644225 0.6815459212778094
4 0.8392461197339246 0.7233314318311466 0.8409594839750051 0.7211922418710781 0.8427736343479137 0.716343411294923 0.8423704898206007 0.7106389047347405 0.8390445474702681 0.7067883628066173 0.8354162467244507 0.7045065601825442 0.8313848014513203 0.7045065601825442 0.8287643620237856 0.7059326868225898 0.8256399919371095 0.7109241300627496 0.8252368474097964 0.7169138619509412 0.8264462809917356 0.720907016543069 0.828562789760129 0.7239018824871648 0.8316871598468051 0.7257558471192241 0.8354162467244507 0.7256132344552196 0.8392461197339246 0.7233314318311466
4 0.8197943962910703 0.8358528237307473 0.8156621648861117 0.8302909298345693 0.8124370086676074 0.8288648031945237 0.8039709735940335 0.8328579577866515 0.802257609352953 0.8355675984027382 0.80185446482564 0.839560752994866 0.8040717597258618 0.8489731888191672 0.8057851239669421 0.8508271534512265 0.8128401531949204 0.8531089560752995 0.8158637371497682 0.8568168853394181 0.8169723845998791 0.8566742726754136 0.8197943962910703 0.8549629207073588 0.8197943962910703 0.8358528237307473
4 0.835920177383592 0.6898174557900741 0.8348115299334812 0.6891043924700513 0.8326950211650876 0.6906731317741015 0.8322918766377746 0.6943810610382202 0.833198951824229 0.6962350256702795 0.835517032856279 0.6969480889903024 0.8367264664382181 0.6938106103822019 0.835920177383592 0.6898174557900741
4 0.7082241483571861 0.6411865373645179 0.7098367264664383 0.6406160867084997 0.71205402136666 0.6377638334284085 0.7219310622858295 0.6317741015402167 0.726768796613586 0.6274957216200798 0.7339246119733924 0.6179406731317741 0.7347309010280185 0.6159440958357102 0.733723039709736 0.613091842555619 0.7301955250957468 0.6118083285795779 0.7255593630316468 0.6118083285795779 0.7219310622858295 0.6132344552196235 0.7172949002217295 0.6206503137478608 0.7128603104212861 0.6237877923559612 0.7105422293892361 0.6273531089560753 0.7087280790163274 0.6364803194523674 0.7057044950614796 0.6407586993725043 0.70509977827051 0.6438961779806047 0.7061076395887926 0.6458927552766686 0.7077202176980447 0.6438961779806047 0.7082241483571861 0.6411865373645179
4 0.729086877645636 0.6105248146035368 0.7289860915138077 0.5992584141471763 0.7237452126587381 0.5995436394751854 0.7209232009675469 0.6012549914432401 0.7188066921991534 0.6042498573873359 0.7182019754081839 0.6105248146035368 0.7218302761540012 0.6133770678836281 0.727171941140899 0.612093553907587 0.729086877645636 0.6105248146035368
4 0.7569038500302359 0.5922703936109527 0.7571054222938923 0.5882772390188249 0.7556944164482967 0.577438676554478 0.751562185043338 0.5658870507701084 0.7491433178794598 0.5638904734740445 0.7453134448699859 0.5636052481460354 0.7448095142108446 0.5663148887621221 0.7482362426930055 0.572875071306332 0.7506551098568837 0.5897033656588705 0.7524692602297924 0.595407872219053 0.7544849828663576 0.5959783228750714 0.7562991332392662 0.5948374215630348 0.7569038500302359 0.5922703936109527
4 0.7454142310018141 0.6170849971477467 0.7460189477927837 0.599971477467199 0.7388631324329772 0.5915573302909298 0.736444265269099 0.5909868796349116 0.7347309010280185 0.5939817455790074 0.7351340455553316 0.5994010268111808 0.7408788550695424 0.6046776953793497 0.7433985083652489 0.6090986879634912 0.7429953638379359 0.6219338277239019 0.7454142310018141 0.6256417569880205 0.7460189477927837 0.6230747290359384 0.7454142310018141 0.6170849971477467
4 0.767788752267688 0.5432116371933827 0.7647651683128401 0.5329435253850542 0.761640798226164 0.5310895607529948 0.7529731908889337 0.5296634341129492 0.7510582543841967 0.5383628066172276 0.7536786938117315 0.5492013690815745 0.7580124974803467 0.5553337136337707 0.760431364644225 0.5567598402738163 0.7649667405764967 0.55718767826583 0.7667808909494054 0.5551911009697661 0.767788752267688 0.5432116371933827
4 0.7510582543841967 0.5395037079292642 0.7518645434388228 0.5275242441528808 0.746119733924612 0.5216771249286937 0.7441040112880468 0.5213918996006845 0.7411812134650272 0.523531089560753 0.7401733521467446 0.5329435253850542 0.7417859302559968 0.5403593839132915 0.7439024390243902 0.54249857387336 0.7466236645837533 0.5426411865373645 0.7495464624067728 0.5419281232173417 0.7510582543841967 0.5395037079292642
4 0.7605321507760532 0.5161152310325157 0.7570046361620641 0.5094124358243012 0.7533763354162467 0.5099828864803194 0.7490425317476316 0.5164004563605248 0.7529731908889337 0.5265259555048488 0.7571054222938923 0.5263833428408443 0.7603305785123967 0.5218197375926983 0.7605321507760532 0.5161152310325157
4 0.7522676879661359 0.5509127210496292 0.7475307397702076 0.5484883057615516 0.7441040112880468 0.5484883057615516 0.7431969361015924 0.5494865944095836 0.7429953638379359 0.5551911009697661 0.7456158032654707 0.5569024529378209 0.7527716186252772 0.5550484883057616 0.7522676879661359 0.5509127210496292
4 0.7284821608546664 0.49472333143183117 0.7284821608546664 0.48844837421563037 0.7276758718000403 0.48645179691956647 0.7243499294497078 0.4817455790074159 0.7211247732312034 0.4811751283513976 0.7191090505946381 0.4823160296634341 0.7165893972989317 0.48844837421563037 0.7173956863535578 0.4941528807758129 0.7193106228582947 0.4960068454078722 0.7258617214271317 0.49814603536794066 0.727171941140899 0.49743297204791787 0.7284821608546664 0.49472333143183117
4 0.6758718000403144 0.5996862521391899 0.6758718000403144 0.5936965202509983 0.6742592219310622 0.5882772390188249 0.6707317073170732 0.5838562464346834 0.6664986897802863 0.5827153451226469 0.6641806087482363 0.5848545350827153 0.6635758919572666 0.588562464346834 0.6682120540213666 0.6045350827153452 0.671034065712558 0.6099543639475186 0.6746623664583753 0.6039646320593268 0.6758718000403144 0.5996862521391899
4 0.7083249344890143 0.5221049629207074 0.7060068534569643 0.5196805476326298 0.7032856278976013 0.5232458642327439 0.7032856278976013 0.5295208214489446 0.7060068534569643 0.5342270393610953 0.7099375125982664 0.5340844266970907 0.7093327958072969 0.5249572162007986 0.7083249344890143 0.5221049629207074
4 0.6877645635960492 0.5241015402167712 0.6873614190687362 0.5218197375926983 0.6858496270913123 0.5213918996006845 0.6843378351138883 0.5226754135767256 0.6821205402136666 0.5278094694808899 0.6827252570046362 0.5326583000570451 0.6867567022777665 0.5352253280091273 0.6881677081233623 0.5329435253850542 0.6877645635960492 0.5241015402167712
4 0.6720419270308405 0.5052766685681689 0.6667002620439427 0.4997147746719909 0.6634751058254384 0.5002852253280091 0.6623664583753276 0.5052766685681689 0.6635758919572666 0.5129777524244152 0.6648861116710341 0.5159726183685112 0.6672041927030841 0.5164004563605248 0.6724450715581536 0.5112664004563605 0.6720419270308405 0.5052766685681689
4 0.681112678895384 0.48844837421563037 0.681515823422697 0.4824586423274387 0.6807095343680709 0.47989161437535655 0.6785930255996775 0.47746719908727897 0.6745615803265471 0.4777524244152881 0.6707317073170732 0.4800342270393611 0.6682120540213666 0.4830290929834569 0.6686151985486797 0.48844837421563037 0.6704293489215883 0.49158585282373074 0.6727474299536383 0.49429549343981743 0.6750655109856883 0.49472333143183117 0.6785930255996775 0.4925841414717627 0.681112678895384 0.48844837421563037
4 0.6948195928240274 0.48844837421563037 0.6864543438822818 0.4817455790074159 0.6824228986091514 0.48260125499144324 0.6827252570046362 0.48844837421563037 0.690788147550897 0.49472333143183117 0.6938117315057448 0.4913006274957216 0.6948195928240274 0.48844837421563037
4 0.6248740173352146 0.4987164860239589 0.6262850231808104 0.494438106103822 0.6252771618625277 0.48987450085567597 0.6195323523483168 0.4840273816314889 0.6118726063293691 0.4823160296634341 0.6104616004837734 0.48288648031945236 0.6097560975609756 0.48844837421563037 0.6125781092521669 0.4992869366799772 0.6159040516024995 0.5037079292641187 0.6200362830074582 0.5041357672561323 0.6233622253577907 0.5014261266400456 0.6248740173352146 0.4987164860239589
4 0.5952428945777061 0.5049914432401598 0.5946381777867366 0.5024244152880776 0.5927232412819996 0.5002852253280091 0.586676073372304 0.49942954934398176 0.5842572062084257 0.5008556759840274 0.5831485587583148 0.5044209925841415 0.584357992340254 0.5155447803764974 0.5887925821406974 0.5166856816885339 0.5922193106228583 0.5126925270964061 0.5952428945777061 0.5049914432401598
4 0.5744809514210845 0.5494865944095836 0.572767587180004 0.5482030804335425 0.5689377141705302 0.5490587564175698 0.5692400725660149 0.5551911009697661 0.5728683733118323 0.5583285795778665 0.5748840959483975 0.5557615516257843 0.5744809514210845 0.5494865944095836
4 0.565410199556541 0.5492013690815745 0.5635960491836324 0.543496862521392 0.5606732513606127 0.5402167712492869 0.5553315863737149 0.546063890473474 0.5543237250554324 0.5494865944095836 0.5566418060874824 0.5550484883057616 0.5615803265470671 0.5554763262977752 0.5642007659746019 0.5543354249857387 0.565410199556541 0.5492013690815745
4 0.5361822213263455 0.5440673131774102 0.529832695021165 0.5350827153451226 0.5261036081435194 0.5377923559612093 0.5240878855069543 0.543496862521392 0.5236847409796412 0.5537649743297205 0.5257004636162064 0.5566172276098118 0.5330578512396694 0.5519110096976612 0.5361822213263455 0.5440673131774102
4 0.5208627292884499 0.5611808328579578 0.5210643015521065 0.554905875641757 0.5179399314654304 0.5510553337136338 0.5139084861922999 0.5490587564175698 0.510481757710139 0.5496292070735881 0.5061479540415239 0.5551911009697661 0.5061479540415239 0.5606103822019395 0.5136061277968151 0.5734455219623502 0.5152187059060673 0.5734455219623502 0.5178391453336021 0.5717341699942955 0.5208627292884499 0.5611808328579578
4 0.5468655513001411 0.5161152310325157 0.5457569038500303 0.5105533371363377 0.5407175972586172 0.5105533371363377 0.5361822213263455 0.5178265830005705 0.5351743600080628 0.5218197375926983 0.5375932271719411 0.5243867655447804 0.5409191695222737 0.5228180262407301 0.5468655513001411 0.5161152310325157
4 0.5694416448296714 0.4830290929834569 0.5688369280387019 0.47932116371933825 0.5674259221931063 0.4773245864232744 0.5687361419068736 0.4657729606389047 0.5667204192703084 0.4677695379349686 0.5647046966337432 0.46805476326297774 0.5627897601290063 0.47190530519110097 0.5637976214472888 0.4773245864232744 0.5625881878653497 0.48359954363947516 0.5640999798427736 0.48687963491158015 0.5656117718201975 0.4870222475755847 0.5683329973795606 0.4860239589275528 0.5694416448296714 0.4830290929834569
4 0.5599677484378149 0.4336851112378779 0.5587583148558758 0.4282658300057045 0.5570449506147954 0.42641186537364517 0.553416649868978 0.4255561893896178 0.5491836323321911 0.4266970907016543 0.5490828462003629 0.43282943525385054 0.551501713364241 0.43710781517398745 0.553416649868978 0.4392470051340559 0.5573473090102802 0.4396748431260696 0.5587583148558758 0.4385339418140331 0.5599677484378149 0.4336851112378779
4 0.5857689981858496 0.4385339418140331 0.5861721427131626 0.43311466058185966 0.5838540616811126 0.4298345693097547 0.5806289054626084 0.4295493439817456 0.5766982463213062 0.4385339418140331 0.5773029631122758 0.44366799771819737 0.5807296915944367 0.4448088990302339 0.5844587784720823 0.4412435824301198 0.5857689981858496 0.4385339418140331
4 0.6728482160854666 0.4385339418140331 0.6726466438218102 0.4325442099258414 0.6713364241080427 0.4295493439817456 0.6624672445071558 0.43040501996577296 0.657528724047571 0.43511123787792355 0.656722434992945 0.4385339418140331 0.6595444466841363 0.4468054763262978 0.6622656722434993 0.44894466628636626 0.6639790364845797 0.44880205362236164 0.6689175569441644 0.44694808899030236 0.6728482160854666 0.4385339418140331
4 0.6835315460592623 0.4333998859098688 0.6831284015319492 0.4302624073017684 0.6816166095545253 0.4272675413576726 0.6785930255996775 0.4247005134055904 0.6745615803265471 0.4249857387335995 0.6724450715581536 0.4279806046776954 0.6718403547671841 0.43311466058185966 0.6745615803265471 0.437250427837992 0.6786938117315058 0.43910439247005134 0.6825236847409797 0.43596691386195097 0.6835315460592623 0.4333998859098688
4 0.7141705301350534 0.39517969195664576 0.7139689578713969 0.3926126640045636 0.7096351542027817 0.38819167142042216 0.7043942753477122 0.3884768967484313 0.7016730497883491 0.3914717626925271 0.7002620439427535 0.3946092413006275 0.7002620439427535 0.40031374786081003 0.7018746220520057 0.4063034797490017 0.7063092118524491 0.41086708499714775 0.7099375125982664 0.4097261836851112 0.7141705301350534 0.39517969195664576
4 0.7006651884700665 0.36637193382772393 0.7002620439427535 0.3609526525955505 0.69814553517436 0.35767256132344555 0.6945172344285426 0.3596691386195094 0.6909897198145535 0.36637193382772393 0.6922999395283209 0.3687963491158015 0.6948195928240274 0.3695094124358243 0.6983471074380165 0.3690815744438106 0.7006651884700665 0.36637193382772393
4 0.671034065712558 0.39945807187678267 0.6662971175166297 0.39788933257273246 0.6612578109252167 0.39960068454078723 0.6599475912114493 0.4040216771249287 0.6603507357387624 0.40858528237307473 0.6650876839346905 0.4130062749572162 0.6674057649667405 0.41314888762122076 0.6694214876033058 0.41086708499714775 0.671034065712558 0.39945807187678267
4 0.6399919371094538 0.4051625784369652 0.6371699254182625 0.3960353679406731 0.6344486998588994 0.39389617798060467 0.6249748034670429 0.3941814033086138 0.623463011489619 0.39689104392470054 0.6236645837532756 0.40145464917284657 0.6275952428945777 0.4090131203650884 0.6319290465631929 0.4100114090131204 0.6395887925821407 0.4080148317170565 0.6399919371094538 0.4051625784369652
4 0.6089498085063495 0.3857672561323445 0.6097560975609756 0.3774957216200799 0.6074380165289256 0.37164860239589276 0.6044144325740778 0.369937250427838 0.5997782705099778 0.369937250427838 0.5960491836323322 0.3726468910439247 0.59443660552308 0.37863662293211636 0.594839750050393 0.3860524814603537 0.5961499697641605 0.387906446092413 0.6006853456964322 0.3877638334284084 0.6078411610562386 0.38733599543639474 0.6089498085063495 0.3857672561323445
4 0.6004837734327757 0.41913861950941245 0.5965531142914735 0.41871078151739877 0.5960491836323322 0.4237022247575585 0.5979641201370691 0.4252709640616087 0.6002822011691191 0.42541357672561325 0.6014916347510583 0.4219908727895037 0.6004837734327757 0.41913861950941245
4 0.5204595847611369 0.39717626925270966 0.5177383592017738 0.3899030233884769 0.5139084861922999 0.38819167142042216 0.5119935496875629 0.39517969195664576 0.5121951219512195 0.40145464917284657 0.5139084861922999 0.40787221905305193 0.5178391453336021 0.40887050770108385 0.5202580124974804 0.4051625784369652 0.5204595847611369 0.39717626925270966
4 0.9191695222737352 0.6327723901882487 0.9191695222737352 0.6262122076440388 0.9176577302963113 0.6203650884198517 0.9149365047369482 0.6225042783799202 0.9119129207821004 0.6327723901882487 0.9127192098367265 0.6359098687963491 0.9147349324732916 0.6367655447803765 0.9176577302963113 0.6363377067883628 0.9191695222737352 0.6327723901882487
4 0.8903446885708527 0.5395037079292642 0.8909494053618222 0.5320878494010268 0.8897399717798831 0.5269537934968626 0.8862124571658939 0.5216771249286937 0.8827857286837332 0.5196805476326298 0.8775448498286635 0.5191100969766115 0.8745212658738157 0.5202509982886481 0.8732110461600484 0.5221049629207074 0.8718000403144527 0.5272390188248717 0.8720016125781093 0.5340844266970907 0.8739165490828462 0.5370792926411866 0.8789558556742593 0.5416428978893326 0.8827857286837332 0.5433542498573873 0.8867163878250353 0.543496862521392 0.8886313243297722 0.54249857387336 0.8903446885708527 0.5395037079292642
4 0.8836928038701874 0.4995721620079863 0.8817778673654505 0.4968625213918996 0.8789558556742593 0.49515116942384485 0.8706913928643418 0.4937250427837992 0.8689780286232615 0.4992869366799772 0.869985889941544 0.5049914432401598 0.8747228381374723 0.5094124358243012 0.878855069542431 0.5098402738163149 0.8836928038701874 0.5052766685681689 0.8836928038701874 0.4995721620079863
4 0.8185849627091312 0.3774957216200799 0.8216085466639791 0.36608670849971475 0.8218101189276356 0.36237877923559614 0.8236242693005442 0.3609526525955505 0.8235234831687159 0.3525385054192812 0.8216085466639791 0.3546776953793497 0.8210038298730095 0.35867084997147747 0.8195928240274138 0.3600969766115231 0.8169723845998791 0.3692241871078152 0.809614996976416 0.3807758128921848 0.8064906268897399 0.3832002281802624 0.8056843378351138 0.38861950941243584 0.811933078008466 0.39204221334854533 0.8141503729086877 0.38890473474044496 0.8185849627091312 0.3774957216200799
4 0.8504333803668616 0.33841985168282945 0.8481152993348116 0.333998859098688 0.843277565007055 0.3311466058185967 0.8413626285023181 0.333000570450656 0.8363233219109051 0.3444095835710211 0.838238258415642 0.3476896748431261 0.8472082241483572 0.3512549914432402 0.8492239467849224 0.3455504848830576 0.8504333803668616 0.33841985168282945
4 0.811933078008466 0.30362236166571593 0.8090102801854465 0.3009127210496292 0.8025599677484379 0.30119794637763836 0.8001411005845596 0.30262407301768396 0.7988308808707921 0.30504848830576153 0.7992340253981052 0.3107529948659441 0.8009473896391857 0.31403308613804903 0.8035678290667204 0.31517398745008557 0.8126385809312638 0.31517398745008557 0.816166095545253 0.31645750142612666 0.8153598064906269 0.3107529948659441 0.811933078008466 0.30362236166571593
4 0.7798830880870792 0.2887906446092413 0.7745414231001814 0.2832287507130633 0.7711146946180205 0.2832287507130633 0.7696029026405966 0.2876497432972048 0.7702076194315662 0.2902167712492869 0.7729288449909293 0.29435253850541926 0.777464220923201 0.29563605248146035 0.7800846603507358 0.2942099258414147 0.7798830880870792 0.2887906446092413
4 0.690385003023584 0.23516828294352538 0.6902842168917557 0.2318881916714204 0.6858496270913123 0.23131774101540217 0.6808103204998992 0.23302909298345692 0.6730497883491232 0.23916143753565317 0.6716387825035275 0.24429549343981746 0.6732513606127797 0.2480034227039361 0.6745615803265471 0.25014261266400456 0.6788953839951622 0.2502852253280091 0.6863535577504536 0.2468625213918996 0.690385003023584 0.23516828294352538
4 0.6178189881072365 0.2942099258414147 0.6176174158435799 0.2887906446092413 0.6040112880467647 0.2749572162007986 0.6016932070147147 0.2779520821448945 0.5996774843781496 0.28308613804905874 0.6002822011691191 0.2887906446092413 0.6038097157831083 0.29292641186537366 0.6076395887925822 0.29492298916143755 0.611066317274743 0.3000570450656018 0.6119733924611973 0.3001996577296064 0.6136867567022778 0.2966343411294923 0.6178189881072365 0.2942099258414147
4 0.6264865954444668 0.2719623502567028 0.6195323523483168 0.2612664004563605 0.61529933481153 0.2612664004563605 0.61298125377948 0.2659726183685111 0.6145938318887321 0.27110667427267543 0.6197339246119734 0.27638334284084426 0.6238661560169321 0.27681118083285794 0.6258818786534973 0.27538505419281234 0.6264865954444668 0.2719623502567028
4 0.532150776053215 0.3555333713633771 0.531747631525902 0.348687963491158 0.5296311227575086 0.3456930975470622 0.5255996774843782 0.34883057615516255 0.5214674460794194 0.3549629207073588 0.5221729490022173 0.3602395892755277 0.526708324934489 0.36066742726754136 0.529832695021165 0.3596691386195094 0.532150776053215 0.3555333713633771
4 0.8399516226567224 0.42741015402167715 0.8272525700463617 0.42569880205362237 0.8268494255190486 0.42741015402167715 0.8275549284418464 0.4298345693097547 0.8311832291876637 0.43211637193382774 0.8357186051199355 0.43282943525385054 0.8392461197339246 0.4315459212778095 0.8399516226567224 0.42741015402167715
4 0.45777061076395886 0.554905875641757 0.4579721830276154 0.5511979463776383 0.4597863334005241 0.5446377638334284 0.4580729691594437 0.537934968625214 0.4552509574682524 0.53593839132915 0.4526305180407176 0.5365088419851682 0.4445676274944568 0.5407872219053051 0.4422495464624068 0.5443525385054193 0.4406369683531546 0.5492013690815745 0.4406369683531546 0.554905875641757 0.4431566216488611 0.5607529948659441 0.4476919975811328 0.5606103822019395 0.45484781294093934 0.558471192241871 0.45777061076395886 0.554905875641757
4 0.4380165289256198 0.55718767826583 0.43902439024390244 0.5551911009697661 0.43983067929852854 0.5494865944095836 0.43841967345293287 0.5443525385054193 0.43590002015722634 0.5407872219053051 0.43086071356581335 0.5399315459212778 0.4251159040516025 0.5443525385054193 0.42410804273331987 0.5500570450656018 0.4282402741382786 0.558471192241871 0.43086071356581335 0.560467769537935 0.43317879459786335 0.5603251568739304 0.43549687562991335 0.5598973188819167 0.4380165289256198 0.55718767826583
4 0.42249546462406773 0.5155447803764974 0.4243096149969764 0.5084141471762692 0.4245111872606329 0.5044209925841415 0.4237048982060069 0.5012835139760411 0.4205805281193308 0.49885909868796346 0.4157427937915743 0.4997147746719909 0.4117113485184439 0.5091272104962921 0.4073775448498287 0.5106959498003423 0.4092924813545656 0.5122646891043925 0.4119129207821004 0.5168282943525385 0.4207821003829873 0.519965772960639 0.4223946784922395 0.5219623502567028 0.4243096149969764 0.5218197375926983 0.42249546462406773 0.5175413576725614 0.42249546462406773 0.5155447803764974
4 0.4513202983269502 0.521534512264689 0.44728885305381977 0.5132629777524245 0.44537391654908287 0.5108385624643468 0.4395283209030437 0.5077010838562465 0.43549687562991335 0.5085567598402738 0.43438822817980244 0.5106959498003423 0.434992944970772 0.5132629777524245 0.439629107034872 0.5181118083285796 0.44386212457165897 0.5249572162007986 0.4454747026809111 0.5306617227609812 0.4474904253174763 0.5323730747290359 0.4511187260632937 0.528094694808899 0.4513202983269502 0.521534512264689
4 0.473694819592824 0.48616657159155735 0.47671840354767187 0.4830290929834569 0.4701673049788349 0.48060467769537935 0.4627091312235436 0.47946377638334287 0.46079419471880667 0.4824586423274387 0.46160048377343277 0.48816314888762125 0.46472485386010887 0.4945807187678266 0.46653900423301753 0.4960068454078722 0.4692602297923806 0.49586423274386765 0.4706712356379762 0.4952937820878494 0.473694819592824 0.48616657159155735
4 0.4335819391251764 0.4773245864232744 0.43983067929852854 0.4502281802624073 0.4394275347712155 0.4408157444381061 0.4363031646845394 0.43839132915002854 0.4350937311026003 0.43839132915002854 0.4327756500705503 0.4416714204221335 0.42955049385204597 0.44937250427837994 0.42713162668816773 0.4639189960068454 0.42491433178794596 0.4710496292070736 0.4239064704696634 0.4773245864232744 0.42572062084257206 0.48359954363947516 0.42773634347913725 0.48616657159155735 0.43156621648861115 0.4827438676554478 0.4335819391251764 0.4773245864232744
4 0.4029429550493852 0.4784654877353109 0.4021366659947591 0.4747575584711922 0.39800443458980045 0.46605818596691384 0.39195726668010483 0.46491728465487736 0.3902439024390244 0.4667712492869367 0.38883289659342873 0.4710496292070736 0.38963918564805483 0.47703936109526524 0.3929651279983874 0.482030804335425 0.3983067929852852 0.4824586423274387 0.4021366659947591 0.481032515687393 0.4029429550493852 0.4784654877353109
4 0.39266276960290264 0.4827438676554478 0.3914533360209635 0.4773245864232744 0.38832896593428745 0.4737592698231603 0.38228179802459183 0.47718197375926985 0.3795605724652288 0.48131774101540215 0.37915742793791574 0.48388476896748434 0.3802660753880266 0.4885909868796349 0.3886313243297722 0.4907301768397034 0.3914533360209635 0.48844837421563037 0.39266276960290264 0.4827438676554478
4 0.3767385607740375 0.47162007986309185 0.3754283410602701 0.46919566457501427 0.3715984680507962 0.46691386195094126 0.3685748840959484 0.46691386195094126 0.36665994759121145 0.4687678265830006 0.3660552308002419 0.4707644038790645 0.36645837532755493 0.4750427837992014 0.36746623664583755 0.47875071306332 0.36887724249143317 0.48017683970336567 0.37633541624672445 0.4733314318311466 0.3767385607740375 0.47162007986309185
4 0.3614190687361419 0.4975755847119224 0.3640395081636767 0.4887335995436395 0.3640395081636767 0.48559612093553906 0.3631324329772223 0.4834569309754706 0.3597057044950615 0.4837421563034798 0.35678290667204193 0.4887335995436395 0.3555734730901028 0.49358243011979464 0.3555734730901028 0.49985738733599544 0.3573876234630115 0.5012835139760411 0.360310421286031 0.4997147746719909 0.3614190687361419 0.4975755847119224
4 0.33350131021971374 0.5105533371363377 0.33733118322918765 0.5122646891043925 0.33743196936101594 0.507843696520251 0.33501310219713765 0.4992869366799772 0.3318887321104616 0.49315459212778096 0.3298730094738964 0.4917284654877353 0.32563999193710946 0.4914432401597262 0.32412819995968556 0.49358243011979464 0.3243297722233421 0.5001426126640046 0.3267486393872203 0.5104107244723332 0.3297722233420681 0.5138334284084427 0.33229187663777465 0.5125499144324016 0.33350131021971374 0.5105533371363377
4 0.31848417657730294 0.4827438676554478 0.30991735537190085 0.4720479178551055 0.3085063495263052 0.47233314318311465 0.3071961298125378 0.4750427837992014 0.3082039911308204 0.48559612093553906 0.30991735537190085 0.4897318881916714 0.313848014513203 0.4901597261836851 0.31727474299536385 0.48616657159155735 0.31848417657730294 0.4827438676554478
4 0.359504132231405 0.4557900741585853 0.36000806289054627 0.45393610952652597 0.3594033460995767 0.44965772960638906 0.35688369280387017 0.4478037649743297 0.35083652489417455 0.4466628636622932 0.345192501511792 0.4466628636622932 0.34065712557952027 0.44965772960638906 0.3415642007659746 0.4555048488305762 0.345192501511792 0.4580718767826583 0.34952630518040717 0.4587849401026811 0.3572868373311832 0.4572162007986309 0.359504132231405 0.4557900741585853
4 0.40032251562185045 0.3891899600684541 0.40032251562185045 0.38262977752424415 0.39870993751259826 0.37721049629207076 0.39598871195323526 0.37278950370792924 0.39215883894376136 0.369937250427838 0.38449909292481355 0.37278950370792924 0.38066921991533964 0.3725042783799201 0.37996371699254183 0.3760695949800342 0.3795605724652288 0.3829150028522533 0.38097157831082445 0.3937535653166001 0.38449909292481355 0.40188248716486025 0.3884297520661157 0.40288077581289217 0.39860915138077 0.3941814033086138 0.40032251562185045 0.3891899600684541
4 0.4325740778068938 0.3940387906446092 0.43156621648861115 0.39061608670849973 0.42420882886514816 0.38733599543639474 0.4159443660552308 0.3787792355961209 0.4139286434186656 0.37963491158014834 0.4126184237048982 0.3834854535082715 0.4164482967143721 0.39632059326868224 0.4236041120741786 0.403593839132915 0.4275347712154807 0.4037364517969196 0.4317677887522677 0.39717626925270966 0.4325740778068938 0.3940387906446092
4 0.31727474299536385 0.41086708499714775 0.3168715984680508 0.40487735310895606 0.31495666196331384 0.4024529378208785 0.30729691594436603 0.403593839132915 0.30185446482564 0.4027381631488876 0.2982261640798226 0.403593839132915 0.29711751662971175 0.4051625784369652 0.29792380568433785 0.4102966343411295 0.2988308808707922 0.4112949229891614 0.30991735537190085 0.4152880775812892 0.3146543035678291 0.4157159155733029 0.31646845394073775 0.4145750142612664 0.31727474299536385 0.41086708499714775
4 0.323523483168716 0.3832002281802624 0.31798024591816165 0.3784940102681118 0.3133440838540617 0.3782087849401027 0.31032049989921384 0.37992013690815746 0.309211852449103 0.38262977752424415 0.30981656924007256 0.38462635482030805 0.31495666196331384 0.39161437535653165 0.31828260431364647 0.39289788933257275 0.3237250554323725 0.38861950941243584 0.323523483168716 0.3832002281802624
4 0.3217093327958073 0.3595265259555048 0.323523483168716 0.34982886480319453 0.32312033864140294 0.346406160867085 0.32181011892763556 0.34455219623502564 0.3175771013908486 0.3442669709070165 0.3135456561177182 0.3456930975470622 0.30830477726264865 0.3502567027952082 0.30578512396694213 0.3546776953793497 0.3069945575488813 0.36066742726754136 0.30991735537190085 0.3645179691956646 0.3178794597863334 0.36665715915573305 0.31949203789558556 0.3655162578436965 0.3217093327958073 0.3595265259555048
4 0.3296714372102399 0.3622361665715916 0.32382584156420074 0.3659440958357102 0.3215077605321508 0.37007986309184254 0.3215077605321508 0.37293211637193385 0.3236242693005442 0.3750713063320023 0.33148558758314856 0.37763833428408444 0.33440838540616813 0.3774957216200799 0.3356178189881072 0.37207644038790644 0.3296714372102399 0.3622361665715916
4 0.27171941140899014 0.46220764403879067 0.27171941140899014 0.45507701083856245 0.27040919169522276 0.4532230462065031 0.2667808909494054 0.45122646891043927 0.2593227171941141 0.4532230462065031 0.25841564200765976 0.4547917855105533 0.25841564200765976 0.460781517398745 0.2598266478532554 0.4644894466628637 0.2629510179399315 0.46833998859098686 0.2666801048175771 0.4681973759269823 0.26940133037694014 0.46605818596691384 0.27171941140899014 0.46220764403879067
4 0.2588187865349728 0.40544780376497436 0.2540818383390446 0.40216771249286937 0.2519653295706511 0.4040216771249287 0.2509574682523685 0.41086708499714775 0.2524692602297924 0.41243582430119796 0.25519048578915543 0.4125784369652025 0.2588187865349728 0.4105818596691386 0.2588187865349728 0.40544780376497436
4 0.27847208224148357 0.3311466058185967 0.2822011691191292 0.32415858528237307 0.2834106027010683 0.317313177410154 0.28230195525095747 0.31289218482601255 0.2758516428139488 0.31289218482601255 0.2714170530135053 0.3143183114660582 0.2689981858496271 0.3163148887621221 0.265873815762951 0.32187678265830005 0.2644628099173554 0.32786651454649174 0.2659746018947793 0.33086138049058755 0.27081233622253575 0.3334284084426697 0.27474299536383795 0.3338562464346834 0.2768595041322314 0.33314318311466057 0.27847208224148357 0.3311466058185967
4 0.34952630518040717 0.2622646891043925 0.35093731102600284 0.25570450656018257 0.35033259423503327 0.25 0.34932473291675065 0.24743297204791787 0.34579721830276156 0.24329720479178552 0.34095948397500503 0.24244152880775813 0.33833904454747027 0.2441528807758129 0.33682725257004636 0.24743297204791787 0.3364241080427333 0.25085567598402736 0.3372303970973594 0.2585567598402738 0.33914533360209637 0.26212207644038793 0.3452932876436202 0.2665430690245294 0.3482160854666398 0.26468910439247006 0.34952630518040717 0.2622646891043925
4 0.4355976617617416 0.297062179121506 0.43761338439830677 0.29164289788933256 0.43821810118927634 0.2887906446092413 0.43771417053013506 0.2880775812892185 0.4306591413021568 0.28436965202509984 0.42703084055633944 0.28436965202509984 0.4231001814150373 0.2879349686252139 0.42249546462406773 0.2944951511694238 0.42350332594235035 0.2982030804335425 0.42622455150171334 0.30062749572162006 0.42934892158838944 0.3007701083856246 0.4324732916750655 0.3000570450656018 0.4355976617617416 0.297062179121506
4 0.46220520056440234 0.2782373074729036 0.45998790566418063 0.27338847689674844 0.4584761136867567 0.26640045636052484 0.4552509574682524 0.26782658300057044 0.4521265873815763 0.2722475755847119 0.45091715379963715 0.2785225328009127 0.45323523483168715 0.2832287507130633 0.45938318887321106 0.2845122646891044 0.4628099173553719 0.2828009127210496 0.46220520056440234 0.2782373074729036
4 0.4867970167304979 0.24229891614375357 0.48528522475307395 0.23730747290359383 0.48226164079822614 0.23616657159155732 0.478330981656924 0.23944666286366229 0.47712154807498486 0.24458071876782658 0.4790364845797218 0.24928693667997717 0.48316871598468053 0.25085567598402736 0.48619229993952834 0.2491443240159726 0.4867970167304979 0.24229891614375357
4 0.5009070751864544 0.252281802624073 0.4989921386817174 0.2507130633200228 0.49304575690385005 0.2554192812321734 0.4924410401128805 0.2605533371363377 0.4941544043539609 0.26440387906446094 0.49828663575891957 0.2659726183685111 0.5013102197137674 0.2554192812321734 0.5009070751864544 0.252281802624073
4 0.4170530135053417 0.35011409013120365 0.41523886313243297 0.33841985168282945 0.41251763757307 0.3359954363947519 0.40919169522273735 0.3387050770108386 0.410602701068333 0.35239589275527666 0.41201370691392863 0.35410724472333144 0.4159443660552308 0.351968054763263 0.4170530135053417 0.35011409013120365